  Run_nr	    Time	   Alpha	Delta_Pb	   P_bar	       T	      Fx	      Fy	      Fz	     rpm	     Rho
       /	   H:M:S	 degrees	      Pa	      Pa	 degr._C	       N	       N	       N	   1/min	  kg/m^3
       1	 16:09:46	  -5.000	   98.13	 1026.82	   21.46	   0.274	  -2.978	   0.709	   748.3	   1.214
       2	 16:10:21	  -4.000	   98.96	 1026.73	   21.46	   0.207	  -1.858	   0.724	   747.9	   1.214
       3	 16:10:41	  -3.000	   98.80	 1026.80	   21.47	   0.176	  -0.984	   0.742	   748.4	   1.214
       4	 16:11:19	  -2.000	   99.98	 1026.78	   21.48	   0.177	  -0.268	   0.748	   748.2	   1.214
       5	 16:11:34	  -1.000	   98.74	 1026.80	   21.48	   0.176	   0.627	   0.757	   748.1	   1.214
       6	 16:11:45	  -0.000	   99.58	 1026.77	   21.48	   0.185	   1.470	   0.761	   747.8	   1.214
       7	 16:11:55	   1.000	   98.93	 1026.77	   21.48	   0.215	   2.830	   0.771	   748.1	   1.214
       8	 16:12:06	   2.000	   99.06	 1026.77	   21.49	   0.236	   3.699	   0.776	   747.8	   1.214
       9	 16:12:18	   3.000	   97.76	 1026.79	   21.49	   0.279	   4.500	   0.779	   747.7	   1.214
      10	 16:12:35	   4.000	  100.41	 1026.78	   21.49	   0.326	   5.462	   0.780	   747.9	   1.214
      11	 16:12:46	   5.000	   96.58	 1026.82	   21.50	   0.375	   6.305	   0.775	   748.0	   1.214
      12	 16:13:00	   6.000	   99.08	 1026.82	   21.51	   0.437	   7.326	   0.770	   748.2	   1.214
      13	 16:13:10	   7.000	   98.01	 1026.85	   21.52	   0.504	   8.205	   0.761	   747.9	   1.214
      14	 16:13:32	   8.000	   98.73	 1026.77	   21.53	   0.590	   9.233	   0.756	   748.0	   1.214
      15	 16:13:43	   9.000	   97.61	 1026.79	   21.53	   0.678	   9.954	   0.741	   747.7	   1.214
      16	 16:14:07	  10.000	   97.27	 1026.81	   21.53	   0.789	  10.731	   0.732	   747.8	   1.214
      17	 16:14:18	  11.000	   97.15	 1026.82	   21.54	   0.898	  11.283	   0.710	   747.6	   1.214
      18	 16:14:33	  12.000	   97.65	 1026.82	   21.55	   1.024	  11.785	   0.694	   747.5	   1.214
      19	 16:14:45	  13.000	   97.68	 1026.84	   21.55	   1.161	  12.162	   0.675	   747.9	   1.214
      20	 16:15:02	  13.250	   97.81	 1026.85	   21.56	   1.185	  12.066	   0.673	   748.1	   1.214
      21	 16:15:13	  13.500	   98.36	 1026.87	   21.56	   1.224	  12.121	   0.669	   748.2	   1.214
      22	 16:15:21	  13.750	   97.74	 1026.88	   21.56	   1.270	  12.191	   0.665	   748.0	   1.214
      23	 16:15:32	  14.000	   97.92	 1026.79	   21.57	   1.316	  12.151	   0.656	   748.3	   1.214
      24	 16:15:45	  14.250	   97.83	 1026.80	   21.57	   1.362	  12.077	   0.657	   748.0	   1.214
      25	 16:15:57	  14.500	   97.62	 1026.83	   21.58	   1.445	  12.147	   0.651	   748.7	   1.214
      26	 16:16:09	  14.750	   97.46	 1026.85	   21.58	   2.036	  11.815	   0.695	   747.9	   1.214
      27	 16:16:19	  15.000	   98.37	 1026.83	   21.58	   2.413	  11.805	   0.713	   747.7	   1.214
      28	 16:16:31	  15.250	   96.80	 1026.84	   21.59	   2.552	  11.659	   0.720	   747.8	   1.214
      29	 16:16:52	  15.500	   97.63	 1026.83	   21.60	   2.714	  11.434	   0.722	   747.7	   1.214
      30	 16:17:11	  15.750	   96.97	 1026.81	   21.61	   2.782	  11.082	   0.731	   748.6	   1.214
      31	 16:17:23	  16.000	   96.60	 1026.84	   21.60	   2.920	  11.024	   0.730	   748.1	   1.214
      32	 16:17:45	  16.250	   97.68	 1026.84	   21.62	   2.966	  10.706	   0.724	   747.8	   1.214
      33	 16:17:57	  16.500	   95.06	 1026.84	   21.62	   3.030	  10.483	   0.711	   748.2	   1.214
      34	 16:18:15	  16.750	   96.66	 1026.89	   21.63	   3.025	  10.023	   0.709	   748.6	   1.214
      35	 16:18:27	  17.000	   97.45	 1026.87	   21.62	   3.123	  10.024	   0.696	   748.0	   1.214
      36	 16:18:39	  17.250	   97.75	 1026.85	   21.62	   3.200	  10.012	   0.700	   748.0	   1.214
      37	 16:18:51	  17.500	   95.27	 1026.88	   21.63	   3.141	   9.568	   0.695	   748.0	   1.214
      38	 16:19:01	  17.750	   96.54	 1026.89	   21.64	   3.256	   9.715	   0.691	   747.9	   1.214
      39	 16:19:12	  18.000	   95.96	 1026.86	   21.64	   3.289	   9.625	   0.683	   747.8	   1.213
      40	 16:19:24	  18.250	   95.09	 1026.88	   21.64	   3.274	   9.410	   0.686	   747.7	   1.214
      41	 16:19:33	  18.500	   95.78	 1026.89	   21.65	   3.348	   9.437	   0.679	   747.6	   1.214
      42	 16:19:42	  18.750	   97.46	 1026.91	   21.65	   3.428	   9.499	   0.676	   748.0	   1.214
      43	 16:19:53	  19.000	   98.02	 1026.95	   21.65	   3.493	   9.499	   0.681	   747.8	   1.214
      44	 16:20:04	  19.250	   96.00	 1026.94	   21.66	   3.476	   9.298	   0.679	   747.7	   1.214
      45	 16:20:13	  19.500	   97.46	 1026.93	   21.66	   3.587	   9.464	   0.679	   748.1	   1.213
      46	 16:20:25	  19.750	   97.02	 1026.91	   21.66	   3.633	   9.447	   0.688	   748.1	   1.213
      47	 16:20:38	  20.000	   95.69	 1026.95	   21.67	   3.582	   9.161	   0.705	   748.1	   1.213
      48	 16:21:01	  11.250	   98.11	 1026.95	   21.68	   0.953	  11.505	   0.707	   748.0	   1.213
      49	 16:21:18	  11.500	   98.69	 1026.96	   21.69	   0.976	  11.619	   0.705	   747.8	   1.213
      50	 16:21:28	  11.750	   98.11	 1026.99	   21.69	   1.006	  11.688	   0.702	   747.8	   1.213
      51	 16:21:41	  12.250	   99.20	 1026.93	   21.70	   1.064	  11.927	   0.693	   748.0	   1.213
      52	 16:21:52	  12.500	   99.19	 1026.94	   21.69	   1.108	  12.111	   0.689	   747.9	   1.213
      53	 16:22:02	  12.750	   96.24	 1026.96	   21.69	   1.116	  11.895	   0.689	   747.8	   1.213
      54	 16:22:33	  13.100	   99.13	 1026.96	   21.70	   1.195	  12.328	   0.681	   747.7	   1.213
      55	 16:22:44	  13.200	   99.56	 1026.97	   21.71	   1.205	  12.326	   0.676	   747.8	   1.213
      56	 16:22:54	  13.300	  100.61	 1026.95	   21.71	   1.225	  12.416	   0.676	   747.7	   1.213
      57	 16:23:18	  13.300	   96.72	 1026.96	   21.70	   1.195	  12.032	   0.682	   747.6	   1.213
      58	 16:23:31	  13.400	   97.09	 1026.95	   21.70	   1.212	  12.099	   0.677	   748.5	   1.213
      59	 16:23:42	  13.600	   97.81	 1026.95	   21.71	   1.246	  12.111	   0.676	   748.1	   1.213
      60	 16:23:52	  13.700	   98.28	 1026.95	   21.70	   1.263	  12.178	   0.667	   747.9	   1.213
      61	 16:24:03	  13.800	   97.22	 1026.96	   21.71	   1.275	  12.061	   0.667	   747.8	   1.213
      62	 16:24:13	  13.900	   97.08	 1026.97	   21.71	   1.297	  12.136	   0.667	   747.8	   1.213
      63	 16:25:50	   7.500	   97.32	 1027.03	   21.74	   0.559	   8.760	   0.769	   748.4	   1.213
      64	 16:26:00	   8.500	   97.67	 1027.02	   21.74	   0.642	   9.575	   0.761	   748.2	   1.213
      65	 16:26:13	   9.500	   98.85	 1026.99	   21.74	   0.744	  10.424	   0.748	   748.1	   1.213
      66	 16:26:25	  10.250	   97.94	 1026.99	   21.75	   0.822	  11.005	   0.733	   748.2	   1.213
      67	 16:26:42	  10.500	   98.20	 1026.97	   21.75	   0.852	  11.127	   0.731	   747.7	   1.213
      68	 16:26:52	  10.750	   98.77	 1026.97	   21.75	   0.881	  11.284	   0.726	   747.6	   1.213
      69	 16:27:32	  -0.000	   99.39	 1027.05	   21.75	   0.196	   1.486	   0.767	   747.9	   1.213
      70	 16:27:59	   6.500	   97.90	 1027.02	   21.76	   0.473	   7.816	   0.774	   747.6	   1.213
