  Run_nr	    Time	   Alpha	Delta_Pb	   P_bar	       T	     rpm	     rho	    P001	    P002	    P003	    P004	    P005	    P006	    P007	    P008	    P009	    P010	    P011	    P012	    P013	    P014	    P015	    P016	    P017	    P018	    P019	    P020	    P021	    P022	    P023	    P024	    P025	    P026	    P027	    P028	    P029	    P030	    P031	    P032	    P033	    P034	    P035	    P036	    P037	    P038	    P039	    P040	    P041	    P042	    P043	    P044	    P045	    P046	    P047	    P048	    P049	    P050	    P051	    P052	    P053	    P054	    P055	    P056	    P057	    P058	    P059	    P060	    P061	    P062	    P063	    P064	    P065	    P066	    P067	    P068	    P069	    P070	    P071	    P072	    P073	    P074	    P075	    P076	    P077	    P078	    P079	    P080	    P081	    P082	    P083	    P084	    P085	    P086	    P087	    P088	    P089	    P090	    P091	    P092	    P093	    P094	    P095	    P096	    P097	    P098	    P099	    P100	    P101	    P102	    P103	    P104	    P105	    P106	    P107	    P108	    P109	    P110	    P111	    P112	    P113
       /	   H:M:S	 degrees	      Pa	      Pa	 degr._C	   1/min	  kg/m^3	      Pa	      Pa	      Pa	      Pa	      Pa	      Pa	      Pa	      Pa	      Pa	      Pa	      Pa	      Pa	      Pa	      Pa	      Pa	      Pa	      Pa	      Pa	      Pa	      Pa	      Pa	      Pa	      Pa	      Pa	      Pa	      Pa	      Pa	      Pa	      Pa	      Pa	      Pa	      Pa	      Pa	      Pa	      Pa	      Pa	      Pa	      Pa	      Pa	      Pa	      Pa	      Pa	      Pa	      Pa	      Pa	      Pa	      Pa	      Pa	      Pa	      Pa	      Pa	      Pa	      Pa	      Pa	      Pa	      Pa	      Pa	      Pa	      Pa	      Pa	      Pa	      Pa	      Pa	      Pa	      Pa	      Pa	      Pa	      Pa	      Pa	      Pa	      Pa	      Pa	      Pa	      Pa	      Pa	      Pa	      Pa	      Pa	      Pa	      Pa	      Pa	      Pa	      Pa	      Pa	      Pa	      Pa	      Pa	      Pa	      Pa	      Pa	      Pa	      Pa	      Pa	      Pa	      Pa	      Pa	      Pa	      Pa	      Pa	      Pa	      Pa	      Pa	      Pa	      Pa	      Pa	      Pa	      Pa	      Pa	      Pa	      Pa	      Pa	      Pa	      Pa
       1	 15:30:33	  -5.000	   99.80	 1026.08	   20.74	  744.84	   1.216	  -42.90	  148.77	  172.91	  106.78	   48.02	   16.16	   -1.72	  -11.61	  -17.12	  -25.13	  -20.11	  -31.61	  -31.96	  -36.21	  -29.38	  -25.67	  -21.09	  -16.72	  -10.94	   -7.67	   -5.71	   -2.17	    0.45	   -0.22	   14.76	  -40.66	 -359.98	 -313.39	 -301.44	 -120.69	 -110.84	  -95.39	  -84.63	  -75.51	  -67.96	  -61.07	  -55.26	  -50.53	  -45.09	  -39.93	  -35.39	  -30.39	  -24.53	  -18.97	  -12.51	   -5.94	    0.88	    7.66	   14.76	  200.68	  200.71	  201.53	  200.60	  200.40	  200.32	  201.52	  201.79	  200.62	  200.93	  200.77	  200.65	  200.72	  200.56	  200.65	  201.28	  200.35	  200.14	  200.45	  198.10	  186.62	  170.23	  158.94	  158.75	  170.66	  189.23	  196.20	  200.04	  200.69	  200.87	  198.56	  201.14	  200.71	  197.79	  200.64	  201.45	  200.67	  200.48	  200.63	  201.40	  200.06	  201.43	  200.41	  197.60	  198.85	  200.46	  200.82	  195.51	   10.45	    8.93	    9.59	    9.55	    9.93	    9.89	    9.34	   10.72	   11.00	   10.86	   10.89	    8.24	   -0.03	    0.00	   -0.05	   -0.01
       2	 15:31:13	  -4.000	   98.44	 1026.11	   20.75	  745.01	   1.216	   10.01	  150.64	  155.67	   83.15	   27.07	   -0.36	   -7.44	  -24.72	  -28.60	  -35.08	  -30.54	  -39.56	  -38.07	  -42.07	  -35.85	  -30.63	  -24.69	  -20.65	  -14.70	  -12.17	  -11.49	   -7.91	   -5.73	   -6.99	   19.32	   14.50	 -317.46	 -223.21	 -158.11	 -119.54	  -97.66	  -82.32	  -72.95	  -65.05	  -58.36	  -51.61	  -45.26	  -39.94	  -34.78	  -30.29	  -26.84	  -22.73	  -17.81	  -12.83	   -6.77	   -0.62	    6.17	   13.07	   19.32	  197.57	  198.32	  198.69	  197.77	  197.61	  197.48	  198.84	  199.09	  197.82	  198.18	  198.05	  197.62	  197.92	  197.83	  197.64	  198.60	  197.68	  197.04	  195.85	  189.31	  175.77	  165.09	  166.54	  177.60	  187.27	  196.11	  196.72	  197.82	  197.93	  197.99	  195.67	  198.40	  198.23	  195.53	  198.38	  199.34	  198.50	  198.42	  198.42	  199.20	  198.02	  199.20	  198.20	  195.64	  196.79	  198.34	  198.58	  191.16	   10.59	    9.75	   10.36	   10.22	   10.45	   11.00	    9.67	   11.12	   11.26	   11.00	   10.98	    9.21	   -0.12	   -0.03	   -0.03	   -0.02
       3	 15:31:27	  -3.000	   96.95	 1026.13	   20.74	  744.97	   1.216	   79.75	  148.42	  135.70	   59.80	   12.50	  -11.20	  -20.79	  -37.56	  -40.24	  -45.73	  -39.47	  -47.31	  -46.51	  -48.35	  -40.39	  -35.15	  -29.46	  -24.62	  -18.90	  -16.74	  -17.22	  -14.04	  -12.33	  -11.62	   19.72	   85.89	 -208.56	 -166.48	 -124.97	  -96.96	  -80.31	  -68.76	  -60.55	  -54.32	  -49.30	  -44.55	  -40.60	  -37.52	  -33.58	  -30.11	  -26.98	  -23.72	  -20.03	  -16.76	  -12.34	   -5.78	    3.17	   13.95	   19.72	  197.95	  198.91	  199.09	  198.08	  197.93	  197.86	  199.18	  199.43	  198.19	  198.63	  198.64	  198.13	  198.31	  198.15	  198.18	  198.93	  197.72	  196.24	  193.64	  186.34	  176.50	  171.61	  175.97	  183.86	  190.55	  196.99	  197.16	  198.19	  198.33	  198.41	  196.14	  198.80	  198.88	  195.81	  198.95	  199.78	  198.93	  198.86	  199.01	  199.73	  198.55	  199.78	  198.79	  196.09	  197.26	  198.84	  199.02	  193.56	   10.20	    9.78	   10.38	   10.18	   10.27	   10.94	   10.26	   10.94	   10.97	   10.66	   10.64	    9.31	    0.14	   -0.04	   -0.03	   -0.02
       4	 15:31:40	  -2.000	   97.26	 1026.15	   20.75	  744.68	   1.216	  133.73	  136.76	  110.91	   36.54	   -6.77	  -28.67	  -36.37	  -49.33	  -50.82	  -55.13	  -47.77	  -54.21	  -51.40	  -53.10	  -45.18	  -38.90	  -33.30	  -28.31	  -23.84	  -21.73	  -23.38	  -21.32	  -16.60	   14.36	   20.52	  140.05	 -107.62	 -111.04	  -89.71	  -73.76	  -62.59	  -54.26	  -48.30	  -43.59	  -39.86	  -36.16	  -33.13	  -30.64	  -27.23	  -24.28	  -21.31	  -18.00	  -14.29	  -11.24	   -7.98	   -5.42	   -3.17	    0.65	   20.52	  196.53	  197.56	  197.45	  196.85	  196.64	  196.52	  197.88	  198.14	  196.78	  197.12	  197.50	  196.71	  196.98	  196.83	  196.78	  197.45	  196.16	  194.95	  193.69	  190.23	  183.09	  176.01	  175.57	  178.72	  184.22	  192.03	  193.78	  195.98	  196.84	  196.92	  194.88	  197.58	  197.82	  194.29	  197.89	  198.84	  197.89	  197.79	  197.94	  198.42	  197.62	  198.79	  197.75	  195.22	  196.28	  197.93	  197.97	  193.30	   10.22	   10.02	   10.63	   10.36	    9.96	   10.88	   10.11	   10.98	   11.06	   10.69	   10.66	    9.61	    0.34	   -0.04	   -0.04	   -0.01
       5	 15:31:59	  -1.000	   98.00	 1026.09	   20.76	  744.92	   1.216	  170.80	  122.00	   84.46	   16.24	  -28.05	  -45.77	  -51.30	  -61.46	  -63.92	  -63.92	  -57.01	  -61.78	  -57.65	  -59.20	  -49.81	  -43.33	  -38.60	  -33.48	  -30.54	  -27.92	  -31.42	  -30.08	    2.57	   27.63	   23.47	  176.23	  -22.15	  -59.93	  -59.33	  -53.01	  -46.81	  -41.21	  -37.45	  -34.31	  -31.62	  -28.97	  -26.78	  -24.95	  -22.12	  -19.60	  -17.01	  -13.94	  -10.12	   -6.87	   -3.21	   -0.34	    2.05	    3.63	   23.47	  197.48	  198.51	  198.72	  197.94	  197.44	  197.50	  198.76	  199.11	  197.64	  198.23	  198.70	  197.81	  197.87	  197.85	  197.94	  198.43	  197.57	  196.86	  197.22	  196.52	  190.61	  180.50	  174.88	  173.61	  176.76	  184.80	  189.37	  194.63	  197.08	  197.82	  195.68	  198.56	  197.76	  195.01	  197.96	  198.84	  197.88	  197.77	  197.92	  198.50	  197.52	  198.57	  197.66	  195.09	  196.21	  197.89	  197.98	  192.14	    9.93	   10.07	   10.62	   10.31	   10.20	   10.74	   10.10	   10.84	   10.85	   10.46	   10.41	    9.70	   -0.09	   -0.05	   -0.04	   -0.02
       6	 15:32:13	  -0.000	   97.26	 1026.13	   20.77	  744.65	   1.216	  188.20	   88.64	   42.72	  -22.36	  -58.89	  -68.87	  -72.50	  -80.17	  -79.33	  -79.48	  -70.95	  -74.76	  -69.48	  -68.81	  -58.83	  -51.87	  -47.49	  -44.05	  -42.16	  -39.92	  -42.47	  -40.52	    5.12	   22.02	   16.69	  194.37	   64.83	   -1.88	  -22.33	  -25.21	  -25.15	  -22.97	  -22.46	  -20.81	  -19.57	  -17.86	  -16.50	  -15.52	  -13.22	  -11.14	   -8.98	   -6.21	   -2.52	    0.73	    4.43	    7.32	    9.80	   11.08	   16.69	  196.94	  197.91	  197.88	  197.28	  196.82	  196.89	  198.04	  198.43	  196.99	  197.55	  198.09	  197.08	  197.25	  197.22	  197.04	  197.84	  196.89	  196.36	  197.24	  196.45	  189.32	  177.17	  169.95	  169.70	  175.78	  186.67	  191.72	  195.77	  197.16	  197.24	  195.11	  197.80	  197.43	  193.94	  197.60	  198.52	  197.53	  197.40	  197.61	  198.29	  197.33	  198.40	  197.40	  194.92	  195.96	  197.57	  197.60	  192.23	    8.96	    9.96	   10.48	   10.07	    9.95	   10.26	    9.94	   10.23	   10.08	    9.56	    9.49	    9.73	   -1.03	   -0.03	   -0.04	   -0.01
       7	 15:32:29	   1.000	   97.21	 1026.16	   20.78	  744.97	   1.216	  186.58	   51.75	    2.54	  -52.27	  -83.16	  -87.39	  -88.29	  -93.65	  -90.55	  -88.36	  -78.96	  -82.60	  -75.88	  -74.15	  -63.06	  -57.85	  -53.43	  -51.13	  -49.35	  -48.16	  -50.90	  -13.74	   14.95	   20.59	   20.72	  193.74	  118.01	   39.85	    7.58	   -5.16	   -8.59	   -9.85	  -10.82	  -10.73	  -10.58	   -9.84	   -9.30	   -8.93	   -7.54	   -6.11	   -4.66	   -2.55	    0.62	    3.47	    7.28	   10.74	   13.97	   15.89	   20.72	  196.57	  197.66	  197.38	  196.85	  196.48	  196.74	  197.81	  197.97	  196.72	  197.12	  197.78	  196.86	  196.99	  196.81	  196.83	  197.38	  196.46	  196.02	  197.19	  198.48	  196.56	  189.23	  178.40	  167.44	  167.04	  177.81	  186.03	  193.40	  196.31	  196.81	  194.72	  197.64	  197.11	  194.25	  197.28	  198.32	  197.33	  197.11	  197.31	  197.98	  197.01	  198.09	  197.13	  194.73	  195.74	  197.42	  197.48	  191.65	    9.44	   10.84	   11.34	   10.89	   10.74	   10.86	   11.12	   10.91	   10.62	   10.09	   10.01	   10.67	    0.31	   -0.05	   -0.05	   -0.05
       8	 15:32:42	   2.000	   99.11	 1026.22	   20.79	  745.08	   1.216	  176.48	   16.85	  -35.42	  -84.49	 -109.37	 -108.38	 -106.44	 -110.17	 -104.68	 -101.46	  -89.72	  -91.51	  -84.76	  -82.01	  -71.18	  -66.24	  -61.91	  -61.36	  -58.92	  -58.33	  -38.58	    2.85	   12.42	   18.44	   23.80	  183.52	  157.30	   73.34	   31.98	   12.04	    5.26	    1.67	   -1.45	   -2.55	   -3.55	   -3.76	   -4.01	   -4.29	   -3.65	   -2.89	   -2.04	   -0.50	    1.94	    4.32	    7.81	   11.23	   14.93	   17.66	   23.80	  199.31	  200.32	  200.63	  199.57	  199.25	  199.89	  200.30	  200.70	  199.69	  200.07	  200.37	  199.61	  199.62	  199.61	  199.72	  200.11	  199.46	  199.03	  199.87	  201.34	  200.55	  199.50	  199.55	  189.04	  175.39	  169.25	  173.98	  183.99	  193.31	  198.17	  197.23	  200.32	  199.98	  196.93	  200.09	  201.15	  200.22	  200.20	  200.31	  200.98	  199.66	  200.91	  200.01	  197.45	  198.55	  200.07	  200.40	  192.17	    8.75	   10.65	   11.15	   10.65	   10.45	   10.55	   11.38	   10.67	   10.12	    9.53	    9.47	   10.59	   -1.25	   -0.07	   -0.07	   -0.12
       9	 15:33:00	   3.000	   98.19	 1026.15	   20.80	  745.12	   1.216	  127.82	  -38.94	  -87.03	 -122.59	 -136.99	 -130.45	 -123.93	 -125.36	 -117.62	 -110.88	  -99.18	  -99.71	  -92.45	  -88.59	  -77.36	  -74.27	  -70.55	  -70.49	  -68.87	  -53.33	  -10.35	    0.82	    8.77	   16.59	   25.76	  135.22	  184.33	  107.14	   56.48	   31.74	   20.44	   14.27	    9.91	    7.43	    5.13	    3.99	    3.06	    1.78	    1.94	    2.21	    2.52	    3.33	    5.02	    7.00	    9.98	   13.05	   16.63	   19.55	   25.76	  199.20	  200.13	  200.42	  199.32	  199.39	  199.57	  200.17	  200.58	  200.06	  199.79	  200.34	  199.41	  199.52	  199.40	  199.36	  200.03	  199.26	  198.85	  199.72	  200.99	  200.38	  199.08	  198.79	  187.31	  173.10	  168.72	  174.36	  185.03	  194.20	  198.40	  197.10	  200.09	  199.84	  195.85	  199.85	  200.87	  199.94	  199.95	  200.09	  200.63	  199.50	  200.67	  199.74	  197.10	  198.33	  199.83	  200.04	  190.76	    8.61	   10.96	   11.44	   10.82	   10.50	   10.50	   11.23	   10.45	   10.10	    9.43	    9.30	   10.96	   -1.43	   -0.05	   -0.08	   -0.03
      10	 15:33:14	   4.000	   98.25	 1026.22	   20.82	  745.05	   1.216	   53.14	  -96.63	 -138.66	 -158.92	 -164.26	 -153.13	 -142.28	 -139.02	 -129.19	 -122.91	 -107.43	 -107.90	  -99.91	  -96.65	  -86.05	  -83.95	  -80.90	  -80.46	  -67.35	  -19.95	  -12.87	   -3.80	    6.12	   15.63	   26.75	   59.79	  194.15	  134.23	   79.87	   49.03	   34.42	   26.15	   20.82	   17.25	   13.95	   11.88	   10.12	    8.35	    7.89	    7.63	    7.38	    7.61	    8.77	   10.33	   12.79	   15.44	   18.74	   21.60	   26.75	  199.69	  200.65	  200.78	  199.86	  200.07	  200.12	  200.84	  201.01	  200.56	  200.22	  200.79	  199.95	  199.94	  199.82	  199.84	  200.49	  199.61	  199.16	  200.20	  201.55	  200.70	  197.35	  188.12	  171.87	  166.83	  176.71	  186.27	  195.28	  198.94	  199.94	  197.74	  200.49	  199.72	  197.21	  199.92	  200.80	  199.86	  199.74	  199.95	  200.67	  199.44	  200.62	  199.66	  197.17	  198.29	  199.83	  200.06	  188.30	    8.34	   11.23	   11.69	   11.00	   10.62	   10.56	   11.17	   10.54	    9.94	    9.20	    9.09	   11.35	   -1.12	   -0.04	   -0.09	   -0.03
      11	 15:33:30	   5.000	   97.80	 1026.21	   20.83	  744.83	   1.216	  -60.52	 -167.96	 -202.36	 -202.04	 -196.13	 -177.09	 -161.44	 -155.77	 -144.10	 -136.24	 -119.02	 -117.84	 -110.08	 -105.99	  -97.71	  -95.89	  -92.84	  -69.67	  -34.48	  -24.30	  -19.72	   -7.67	    3.77	   13.96	   26.71	  -57.19	  193.72	  158.26	  101.70	   66.62	   49.73	   38.95	   32.07	   27.33	   22.92	   20.00	   17.49	   15.15	   13.98	   13.05	   12.34	   12.05	   12.67	   13.72	   15.75	   17.95	   20.92	   23.44	   26.71	  199.77	  200.83	  201.06	  200.15	  200.51	  200.27	  201.02	  201.18	  200.80	  200.43	  200.95	  200.09	  200.18	  200.09	  200.12	  200.56	  199.92	  199.46	  200.31	  201.83	  198.00	  185.01	  171.10	  166.48	  173.95	  189.12	  195.69	  199.46	  200.12	  200.42	  197.88	  200.81	  200.15	  197.49	  200.22	  201.10	  200.33	  200.19	  200.28	  200.90	  199.81	  201.03	  200.09	  197.31	  198.55	  200.05	  200.25	  192.12	    7.92	   11.42	   11.85	   11.08	   10.60	   10.65	   10.98	   10.39	    9.69	    8.84	    8.75	   11.68	   -1.42	   -0.06	   -0.09	   -0.04
      12	 15:33:47	   6.000	   96.57	 1026.17	   20.85	  745.35	   1.216	 -203.90	 -242.97	 -265.44	 -246.45	 -225.69	 -199.28	 -179.80	 -170.69	 -156.61	 -148.27	 -129.99	 -129.17	 -121.45	 -119.74	 -111.66	 -102.91	  -66.37	  -51.78	  -42.78	  -31.03	  -24.46	  -10.86	    1.95	   12.96	   25.95	 -201.71	  182.74	  173.95	  120.63	   80.54	   62.74	   50.72	   42.59	   36.70	   31.44	   27.88	   24.62	   21.79	   19.90	   18.43	   17.22	   16.38	   16.46	   17.13	   18.67	   20.45	   22.97	   25.20	   25.95	  198.90	  199.99	  200.18	  199.19	  199.64	  199.52	  200.11	  200.36	  199.80	  199.62	  200.05	  199.05	  199.21	  199.20	  199.14	  199.74	  199.00	  198.47	  199.37	  200.70	  199.94	  195.44	  184.27	  166.56	  161.92	  175.18	  187.70	  196.72	  198.95	  199.35	  196.92	  199.76	  200.05	  196.18	  200.11	  201.03	  200.21	  200.16	  200.22	  200.96	  199.74	  201.02	  200.00	  197.31	  198.49	  200.12	  200.31	  191.09	    7.92	   11.84	   12.25	   11.42	   10.87	   10.80	   11.42	   10.56	    9.81	    8.86	    8.79	   12.17	   -1.10	   -0.04	   -0.07	   -0.02
      13	 15:34:04	   7.000	   97.90	 1026.16	   20.86	  744.75	   1.216	 -376.99	 -325.06	 -337.18	 -293.36	 -259.56	 -225.92	 -201.04	 -190.98	 -177.03	 -165.21	 -147.70	 -145.13	 -133.80	 -117.94	  -96.33	  -84.79	  -72.06	  -62.25	  -49.61	  -36.93	  -27.72	  -13.47	   -0.20	   10.84	   24.11	 -372.92	  159.65	  188.25	  137.48	   95.21	   74.82	   61.64	   52.38	   45.52	   39.35	   34.89	   31.03	   27.52	   25.03	   23.10	   21.27	   19.95	   19.57	   19.82	   20.84	   22.19	   24.28	   26.31	   24.11	  200.57	  201.85	  202.01	  200.71	  201.28	  201.23	  201.83	  202.19	  201.52	  201.20	  201.77	  200.84	  200.88	  200.84	  200.92	  201.33	  200.67	  200.35	  201.14	  202.60	  197.26	  181.31	  164.39	  159.89	  171.80	  192.56	  199.13	  200.94	  201.06	  201.18	  198.72	  201.40	  201.58	  198.51	  201.47	  202.57	  201.76	  201.71	  201.73	  202.46	  201.11	  202.28	  201.45	  198.82	  200.00	  201.57	  201.59	  193.11	    7.00	   11.53	   11.93	   11.02	   10.39	   10.44	   10.74	   10.03	    9.05	    7.99	    7.97	   11.97	   -1.54	   -0.04	   -0.08	   -0.04
      14	 15:34:18	   8.000	   97.23	 1026.21	   20.88	  745.11	   1.216	 -563.82	 -404.32	 -405.82	 -335.45	 -288.76	 -249.03	 -220.73	 -207.86	 -188.25	 -168.88	 -141.30	 -135.54	 -124.53	 -117.29	 -101.62	  -89.96	  -75.41	  -63.89	  -50.49	  -36.66	  -27.55	  -13.21	   -0.25	   10.17	   22.08	 -561.70	  124.25	  193.68	  150.69	  108.15	   85.32	   72.19	   61.95	   54.30	   47.48	   42.33	   37.91	   33.70	   30.83	   28.36	   26.07	   24.33	   23.51	   23.19	   23.67	   24.56	   26.05	   27.59	   22.08	  199.10	  200.14	  200.39	  199.22	  199.73	  199.75	  200.15	  200.56	  199.98	  199.71	  200.21	  199.22	  199.49	  199.35	  199.35	  200.10	  199.13	  198.83	  199.57	  201.24	  200.31	  199.05	  199.05	  189.41	  171.74	  154.78	  156.68	  173.94	  191.43	  198.60	  197.15	  199.86	  200.03	  196.52	  199.97	  201.00	  200.18	  200.05	  200.15	  200.95	  199.54	  200.84	  199.82	  197.25	  198.67	  199.92	  200.20	  191.48	    7.87	   12.53	   12.95	   12.02	   11.35	   10.90	   12.07	   10.71	   10.02	    8.90	    8.85	   12.96	   -1.09	   -0.04	   -0.04	   -0.05
      15	 15:34:33	   9.000	   97.87	 1026.22	   20.89	  744.92	   1.216	 -756.15	 -480.02	 -478.13	 -381.94	 -327.01	 -279.11	 -227.19	 -208.09	 -188.16	 -173.87	 -153.97	 -146.69	 -132.51	 -125.35	 -106.54	  -92.70	  -77.71	  -65.21	  -51.63	  -37.94	  -27.75	  -13.87	   -1.35	    8.28	   18.88	 -754.57	   84.32	  196.87	  163.00	  120.33	   95.82	   82.12	   70.65	   62.18	   54.54	   48.87	   43.73	   39.11	   35.59	   32.60	   29.84	   27.65	   26.35	   25.62	   25.54	   25.99	   26.95	   27.95	   18.88	  200.16	  201.36	  201.46	  200.35	  200.91	  200.76	  201.39	  201.74	  201.08	  200.86	  201.43	  200.49	  200.63	  200.48	  200.53	  201.08	  200.36	  199.92	  200.75	  202.36	  201.40	  200.42	  201.23	  197.90	  186.34	  165.33	  150.03	  153.62	  170.56	  189.80	  196.57	  201.06	  200.92	  197.04	  200.90	  201.86	  201.08	  200.96	  200.97	  201.98	  200.50	  201.75	  200.77	  198.14	  199.48	  200.93	  200.98	  189.17	    7.78	   12.80	   13.20	   12.25	   11.56	   10.68	   12.37	   10.48	   10.06	    8.85	    8.83	   13.30	   -1.30	   -0.04	   -0.03	   -0.07
      16	 15:34:53	  10.000	   96.80	 1026.27	   20.91	  744.74	   1.216	 -860.70	 -481.56	 -545.22	 -521.04	 -291.75	 -271.69	 -239.48	 -220.83	 -198.46	 -181.07	 -158.53	 -148.42	 -133.92	 -124.59	 -104.81	  -90.22	  -74.41	  -60.79	  -48.38	  -34.88	  -26.10	  -15.01	   -5.31	    1.38	    8.00	 -858.15	   54.88	  196.74	  170.40	  128.61	  102.86	   89.23	   76.60	   67.49	   59.18	   52.89	   47.19	   42.06	   37.99	   34.44	   31.16	   28.23	   26.48	   25.16	   24.51	   24.20	   24.45	   24.42	    8.00	  200.60	  201.81	  202.08	  200.77	  201.45	  201.27	  201.92	  202.19	  201.58	  201.28	  201.87	  200.97	  201.05	  200.96	  201.12	  201.54	  200.90	  200.54	  201.35	  203.04	  202.04	  200.97	  202.08	  201.64	  200.52	  194.82	  177.90	  160.07	  147.91	  150.71	  162.59	  180.62	  194.97	  196.54	  201.64	  202.84	  202.12	  201.85	  202.11	  203.30	  201.34	  202.59	  201.76	  199.17	  200.48	  201.86	  201.77	  189.36	    7.91	   12.91	   13.32	   12.38	   11.74	   10.85	   12.59	    9.52	    9.80	    9.10	    9.07	   13.35	   -1.49	   -0.05	   -0.03	   -0.09
      17	 15:35:17	  10.500	   97.41	 1026.23	   20.93	  744.90	   1.216	 -900.77	 -497.51	 -591.11	 -571.98	 -305.83	 -274.72	 -239.20	 -219.66	 -195.87	 -177.29	 -154.34	 -144.91	 -129.20	 -117.83	  -98.53	  -85.21	  -68.64	  -55.27	  -44.18	  -30.98	  -23.35	  -14.36	   -6.32	   -1.24	    4.06	 -898.02	   33.89	  193.41	  172.47	  131.89	  106.57	   92.36	   79.71	   70.44	   61.90	   55.43	   49.50	   44.14	   39.90	   36.09	   32.56	   29.40	   27.43	   25.79	   24.78	   24.12	   24.01	   23.67	    4.06	  198.06	  199.08	  199.32	  198.28	  198.76	  198.65	  199.19	  199.69	  198.81	  198.85	  199.29	  198.33	  198.50	  198.49	  198.38	  198.98	  198.14	  197.67	  198.56	  200.08	  199.17	  198.03	  199.45	  199.06	  198.81	  198.39	  192.52	  183.28	  169.46	  154.23	  144.07	  145.89	  160.72	  167.71	  190.66	  198.03	  199.40	  199.39	  199.68	  200.88	  199.23	  200.13	  199.40	  197.26	  198.03	  199.50	  199.22	  192.56	    8.59	   13.30	   13.73	   12.79	   12.16	   11.79	   12.96	    9.34	    9.39	    9.68	    9.77	   13.65	   -1.14	   -0.02	   -0.02	   -0.05
      18	 15:35:34	  11.000	   96.66	 1026.25	   20.94	  744.85	   1.216	 -806.21	 -562.52	 -668.21	 -486.50	 -329.12	 -284.67	 -247.26	 -224.52	 -199.33	 -179.93	 -156.24	 -145.12	 -128.76	 -117.28	  -95.52	  -83.10	  -66.61	  -53.48	  -42.75	  -30.13	  -24.39	  -16.06	   -9.04	   -5.41	   -0.48	 -803.14	    9.85	  193.36	  177.45	  135.92	  110.35	   95.60	   82.74	   73.10	   64.23	   57.50	   51.24	   45.52	   41.11	   37.08	   33.31	   29.88	   27.60	   25.71	   24.38	   23.47	   23.02	   22.29	   -0.48	  199.62	  200.71	  200.85	  199.70	  200.34	  200.21	  200.78	  201.26	  200.41	  200.21	  200.79	  199.85	  199.96	  199.86	  200.00	  200.41	  199.59	  199.14	  200.06	  201.66	  200.33	  197.19	  192.64	  179.15	  162.39	  146.79	  139.31	  145.12	  158.73	  177.65	  188.33	  198.18	  199.34	  197.11	  199.83	  200.69	  200.31	  199.67	  199.88	  201.20	  199.25	  200.23	  199.54	  197.73	  198.14	  199.68	  199.53	  185.00	    7.26	   12.51	   12.92	   11.94	   11.23	    8.71	   11.18	    8.57	    9.71	    8.49	    8.43	   12.91	   -2.26	   -0.00	   -0.03	   -0.06
      19	 15:35:49	  11.500	   97.59	 1026.24	   20.95	  744.91	   1.216	 -891.99	 -635.61	 -775.70	 -392.77	 -349.22	 -293.13	 -252.58	 -227.31	 -200.63	 -180.42	 -154.58	 -142.96	 -125.09	 -112.33	  -89.71	  -76.93	  -61.44	  -47.77	  -39.40	  -29.17	  -25.45	  -19.39	  -13.82	  -12.41	   -7.03	 -889.08	  -12.80	  192.58	  181.69	  140.59	  114.36	   99.51	   86.15	   76.08	   66.90	   59.79	   53.23	   47.30	   42.50	   38.17	   34.10	   30.31	   27.73	   25.47	   23.82	   22.43	   21.51	   20.21	   -7.03	  200.91	  202.07	  202.23	  201.12	  201.61	  201.55	  202.45	  202.65	  201.90	  201.60	  202.21	  201.16	  201.32	  201.22	  201.31	  201.72	  200.98	  200.58	  201.41	  202.99	  201.08	  196.27	  189.31	  173.77	  156.87	  142.63	  137.44	  145.78	  160.03	  178.35	  189.12	  199.49	  200.39	  198.24	  201.04	  202.05	  202.20	  201.03	  201.21	  202.55	  200.55	  201.59	  200.98	  199.24	  199.59	  201.11	  200.87	  192.80	    7.82	   13.07	   13.51	   12.52	   11.84	    8.76	   11.37	    8.76	   10.25	    9.14	    9.03	   13.46	   -0.83	   -0.03	   -0.05	   -0.09
      20	 15:36:02	  12.000	   98.52	 1026.29	   20.96	  745.06	   1.216	 -876.23	 -656.50	 -822.11	 -407.34	 -352.35	 -294.18	 -251.51	 -224.81	 -196.62	 -175.11	 -146.33	 -132.69	 -115.00	  -99.90	  -76.60	  -63.96	  -50.88	  -40.22	  -35.98	  -30.89	  -31.98	  -30.41	  -24.97	  -24.33	  -17.17	 -874.41	  -20.88	  190.88	  183.41	  142.71	  116.43	  100.87	   87.69	   77.36	   67.90	   60.49	   53.67	   47.31	   42.31	   37.71	   33.31	   29.21	   26.24	   23.58	   21.47	   19.51	   18.08	   16.11	  -17.17	  201.08	  202.17	  202.45	  201.10	  201.85	  201.81	  202.30	  202.74	  202.03	  201.78	  202.25	  201.35	  201.57	  201.36	  201.47	  201.88	  201.04	  200.78	  201.55	  202.79	  199.77	  192.92	  183.83	  166.77	  149.92	  137.84	  135.23	  143.97	  157.99	  176.58	  187.19	  198.43	  201.19	  198.30	  202.04	  202.91	  203.03	  201.92	  202.21	  203.56	  201.44	  202.47	  201.87	  200.22	  200.53	  202.06	  201.62	  194.62	    7.46	   12.74	   13.20	   12.24	   11.58	    7.89	   10.34	    8.17	    9.89	    8.86	    8.72	   13.13	   -1.84	   -0.03	   -0.05	   -0.06
      21	 15:36:24	  12.250	   97.61	 1026.28	   20.97	  745.38	   1.216	 -856.05	 -655.61	 -823.93	 -411.48	 -349.84	 -291.54	 -247.71	 -220.30	 -191.18	 -168.00	 -138.22	 -124.95	 -105.02	  -89.48	  -66.23	  -55.54	  -46.16	  -38.81	  -37.41	  -33.39	  -34.98	  -34.21	  -29.32	  -29.38	  -21.96	 -853.69	  -22.20	  191.83	  184.70	  144.68	  118.18	  102.35	   89.06	   78.62	   68.98	   61.39	   54.43	   47.91	   42.68	   37.90	   33.33	   29.08	   25.88	   22.95	   20.76	   18.41	   16.58	   14.45	  -21.96	  201.85	  202.99	  203.26	  202.05	  202.59	  202.60	  203.21	  203.46	  202.81	  202.51	  202.99	  202.17	  202.16	  201.99	  202.32	  202.66	  201.80	  201.47	  202.26	  203.37	  199.20	  190.95	  180.44	  162.92	  146.64	  136.16	  135.58	  145.90	  160.67	  178.54	  189.06	  199.79	  201.31	  198.45	  202.05	  203.25	  203.13	  202.37	  202.36	  203.80	  201.66	  202.68	  202.02	  200.45	  200.70	  202.21	  201.65	  195.03	    7.48	   12.65	   13.14	   12.18	   11.50	    7.42	    9.74	    7.72	    9.74	    8.83	    8.70	   12.99	   -1.78	   -0.03	   -0.04	   -0.06
      22	 15:36:39	  12.500	   99.00	 1026.33	   20.98	  745.05	   1.216	 -839.65	 -655.41	 -823.24	 -418.50	 -348.43	 -289.79	 -244.80	 -217.04	 -187.43	 -162.75	 -132.54	 -118.68	  -97.07	  -82.91	  -59.46	  -52.26	  -45.27	  -39.38	  -39.66	  -37.54	  -38.68	  -38.27	  -34.33	  -34.34	  -25.86	 -836.21	  -22.80	  192.00	  185.70	  145.57	  118.95	  103.39	   89.69	   79.10	   69.34	   61.67	   54.57	   47.96	   42.60	   37.66	   32.90	   28.49	   25.10	   22.03	   19.51	   17.05	   14.90	   12.43	  -25.86	  202.36	  203.56	  203.71	  202.40	  203.05	  203.11	  203.78	  204.08	  203.30	  203.07	  203.69	  202.71	  202.77	  202.51	  202.75	  203.16	  202.29	  201.91	  202.78	  203.26	  198.10	  188.42	  176.82	  159.28	  143.85	  136.02	  136.78	  147.07	  161.92	  179.82	  189.18	  199.83	  202.92	  198.22	  203.61	  204.66	  204.84	  203.78	  203.84	  205.25	  203.03	  204.30	  203.50	  202.01	  202.25	  203.75	  203.28	  191.85	    7.50	   12.71	   13.25	   12.30	   11.60	    7.06	    9.50	    7.57	    9.67	    8.84	    8.75	   13.10	   -1.86	   -0.04	   -0.05	   -0.07
      23	 15:36:53	  12.750	   98.32	 1026.31	   20.99	  745.07	   1.216	 -792.98	 -627.33	 -786.44	 -427.87	 -334.53	 -277.71	 -232.13	 -203.82	 -175.77	 -151.25	 -119.37	 -106.29	  -87.55	  -73.96	  -53.59	  -47.54	  -43.78	  -39.10	  -40.18	  -38.53	  -39.70	  -39.20	  -35.70	  -36.57	  -28.34	 -790.23	  -19.31	  187.32	  182.86	  143.87	  117.57	  102.34	   88.92	   78.43	   68.76	   61.11	   54.03	   47.44	   42.02	   37.05	   32.27	   27.77	   24.32	   21.12	   18.45	   15.87	   13.56	   10.98	  -28.34	  199.03	  199.89	  199.92	  198.95	  199.53	  199.40	  199.92	  200.39	  199.64	  199.40	  200.03	  199.09	  199.16	  199.06	  199.10	  199.68	  198.81	  198.41	  198.88	  198.80	  193.17	  182.37	  169.52	  152.68	  137.80	  130.76	  132.31	  143.50	  158.01	  175.52	  185.15	  195.91	  197.80	  196.97	  199.35	  200.25	  200.23	  199.34	  199.45	  200.69	  198.96	  199.83	  199.19	  197.43	  197.79	  199.40	  199.19	  187.92	    8.20	   13.15	   13.71	   12.81	   12.10	    7.01	    9.21	    7.51	    9.95	    9.50	    9.38	   13.47	   -1.18	   -0.03	   -0.06	   -0.05
      24	 15:37:08	  13.000	   99.45	 1026.43	   20.99	  745.16	   1.216	 -797.69	 -634.39	 -791.58	 -451.20	 -335.30	 -277.34	 -229.80	 -200.39	 -170.82	 -145.09	 -112.60	  -98.97	  -79.58	  -69.07	  -51.89	  -49.09	  -46.52	  -43.23	  -44.90	  -43.76	  -44.35	  -44.38	  -41.30	  -41.40	  -32.49	 -794.49	  -20.47	  189.97	  185.65	  147.32	  119.78	  103.91	   90.50	   79.72	   69.77	   61.87	   54.61	   47.75	   42.09	   36.90	   31.84	   27.10	   23.41	   20.01	   17.10	   14.29	   11.70	    8.77	  -32.49	  201.97	  202.65	  202.85	  201.64	  202.09	  202.26	  202.76	  203.12	  202.40	  202.25	  202.68	  201.76	  201.91	  201.75	  201.84	  202.45	  201.43	  200.91	  201.21	  200.42	  193.37	  182.23	  169.60	  152.58	  138.97	  132.45	  133.81	  144.81	  159.25	  175.96	  186.06	  197.12	  199.57	  197.75	  201.76	  202.92	  202.95	  201.98	  202.17	  203.43	  201.44	  202.41	  201.81	  200.11	  200.40	  201.88	  201.40	  196.48	    8.17	   13.10	   13.72	   12.83	   12.03	    5.99	    8.70	    6.66	    9.29	    9.46	    9.38	   13.38	   -1.25	   -0.04	   -0.04	   -0.06
      25	 15:37:28	  13.250	   96.86	 1026.30	   21.02	  745.10	   1.215	 -750.07	 -595.21	 -742.57	 -476.37	 -320.56	 -262.08	 -216.86	 -189.61	 -157.73	 -134.41	 -102.77	  -91.02	  -72.71	  -65.73	  -50.33	  -49.00	  -46.54	  -43.85	  -44.73	  -43.56	  -44.34	  -44.11	  -41.47	  -41.85	  -33.97	 -748.12	  -16.11	  184.56	  181.64	  144.40	  117.81	  102.11	   88.98	   78.43	   68.62	   60.86	   53.69	   46.63	   41.25	   36.07	   31.05	   26.29	   22.61	   19.12	   16.19	   13.29	   10.68	    7.75	  -33.97	  197.36	  197.78	  197.61	  197.05	  197.52	  197.39	  197.89	  198.23	  197.38	  197.48	  197.91	  196.90	  196.98	  196.99	  197.14	  197.61	  196.63	  195.96	  196.03	  194.26	  186.69	  174.05	  160.20	  143.86	  131.76	  127.85	  130.78	  142.34	  156.52	  172.66	  182.20	  192.48	  195.50	  192.98	  197.38	  198.40	  198.11	  197.27	  197.59	  198.79	  197.15	  198.14	  197.29	  195.69	  196.01	  197.54	  197.25	  187.72	    8.63	   13.19	   13.85	   13.04	   12.26	    5.48	    8.71	    6.04	    8.32	    9.38	    9.78	   13.45	   -0.55	   -0.03	   -0.05	   -0.07
      26	 15:37:46	  13.500	   97.73	 1026.35	   21.02	  744.79	   1.215	 -759.96	 -597.67	 -753.04	 -507.14	 -331.99	 -268.37	 -221.36	 -192.99	 -162.05	 -137.94	 -106.49	  -94.53	  -78.04	  -70.43	  -54.87	  -53.19	  -50.62	  -46.73	  -48.01	  -46.23	  -46.99	  -46.42	  -44.38	  -44.49	  -37.27	 -758.19	  -16.04	  189.75	  186.05	  148.29	  120.67	  104.96	   91.40	   80.49	   70.40	   62.35	   54.95	   47.79	   41.96	   36.59	   31.34	   26.39	   22.50	   18.86	   15.71	   12.74	    9.94	    6.78	  -37.27	  202.12	  202.76	  202.96	  201.89	  202.30	  202.25	  202.91	  203.17	  202.48	  202.12	  202.71	  201.75	  201.93	  201.81	  201.86	  202.37	  201.54	  200.57	  200.03	  197.74	  188.57	  174.49	  160.35	  144.50	  132.59	  130.43	  134.93	  147.74	  162.63	  178.97	  187.67	  197.90	  200.90	  198.36	  202.50	  203.55	  203.64	  202.68	  202.81	  204.06	  202.21	  202.94	  202.55	  200.74	  201.15	  202.58	  202.02	  194.40	    8.92	   13.34	   14.06	   13.34	   12.61	    3.69	    8.95	    3.45	    4.78	    6.68	    9.37	   13.52	   -1.55	   -0.02	   -0.07	   -0.08
      27	 15:37:56	  13.750	   98.71	 1026.30	   21.03	  744.75	   1.215	 -547.68	 -375.38	 -524.66	 -438.13	 -321.81	 -263.83	 -225.65	 -204.85	 -180.18	 -161.83	 -134.54	 -126.22	 -111.17	 -103.69	  -85.28	  -82.03	  -74.59	  -68.72	  -64.89	  -60.88	  -58.61	  -55.37	  -50.54	  -48.20	  -36.99	 -545.06	   46.08	  191.35	  179.05	  142.24	  115.80	  101.04	   88.02	   77.64	   67.92	   60.22	   53.11	   46.06	   40.59	   35.44	   30.35	   25.58	   21.83	   18.42	   15.49	   12.74	   10.20	    7.33	  -36.99	  200.65	  201.22	  201.31	  200.37	  200.58	  200.60	  201.24	  201.64	  200.80	  200.61	  201.19	  200.09	  200.34	  200.08	  199.70	  199.60	  197.68	  195.61	  193.49	  189.20	  180.66	  169.02	  158.25	  145.30	  135.49	  130.90	  129.88	  134.25	  140.10	  148.96	  154.09	  162.04	  174.97	  165.65	  179.60	  181.91	  183.44	  183.89	  186.99	  191.35	  192.13	  195.46	  197.15	  196.68	  197.96	  200.18	  200.08	  194.23	    3.42	   13.25	   13.84	   12.84	   11.25	    2.45	    7.18	   -0.59	   -1.21	   -1.22	    1.27	   13.37	   -0.79	   -0.02	   -0.05	   -0.08
      28	 15:38:31	  14.000	   96.57	 1026.34	   21.06	  745.03	   1.215	 -343.38	 -240.84	 -289.50	 -281.53	 -260.35	 -236.07	 -218.20	 -210.80	 -196.48	 -184.27	 -162.88	 -158.08	 -144.76	 -138.61	 -120.76	 -116.12	 -106.53	  -99.07	  -92.13	  -85.41	  -80.12	  -73.55	  -65.56	  -61.08	  -42.49	 -339.96	   98.37	  195.01	  171.49	  135.07	  109.62	   95.71	   83.20	   73.27	   63.96	   56.62	   49.71	   43.09	   37.49	   32.53	   27.50	   22.82	   19.11	   15.72	   12.85	   10.06	    7.52	    4.96	  -42.49	  200.54	  201.08	  200.98	  200.23	  200.68	  200.47	  201.12	  201.42	  200.49	  200.09	  199.58	  197.14	  194.28	  190.26	  185.89	  180.75	  171.83	  163.41	  154.66	  146.29	  137.26	  130.68	  127.23	  123.80	  121.92	  123.10	  124.10	  127.27	  130.19	  134.78	  136.76	  142.18	  143.57	  143.07	  153.31	  158.32	  163.30	  166.77	  173.61	  182.35	  185.94	  190.71	  193.31	  194.34	  196.32	  199.32	  199.21	  192.68	   -4.77	   11.62	   10.88	    6.37	    1.02	   -6.40	   -4.28	   -7.43	   -7.60	   -7.90	   -6.21	   12.06	   -1.10	   -0.01	   -0.07	   -0.07
      29	 15:39:34	  14.250	   96.58	 1026.34	   21.09	  744.86	   1.215	 -301.05	 -188.45	 -227.61	 -227.02	 -227.45	 -209.57	 -199.26	 -197.39	 -188.20	 -177.41	 -161.16	 -160.58	 -150.49	 -146.37	 -130.36	 -125.62	 -116.63	 -109.20	 -102.79	  -96.50	  -91.56	  -85.13	  -77.02	  -71.08	  -51.57	 -295.80	  118.48	  195.75	  169.36	  131.61	  106.38	   92.95	   80.39	   70.58	   61.30	   53.91	   46.98	   40.28	   34.73	   29.64	   24.48	   19.60	   15.80	   12.23	    9.20	    6.23	    3.47	    0.01	  -51.57	  200.46	  201.09	  200.98	  200.00	  200.65	  200.42	  200.96	  201.38	  200.35	  199.89	  197.76	  194.66	  191.08	  186.07	  181.16	  174.99	  165.95	  157.41	  149.38	  141.88	  133.14	  126.24	  122.42	  118.72	  116.44	  116.53	  115.55	  119.13	  121.49	  126.56	  127.95	  134.34	  134.43	  136.77	  145.25	  150.97	  156.90	  160.70	  168.70	  179.76	  185.47	  192.16	  194.74	  195.60	  197.66	  200.51	  199.63	  194.92	   -8.92	   11.77	   10.54	    5.60	   -0.18	   -9.67	   -6.76	  -10.84	  -10.77	  -11.48	  -10.24	   12.26	   -0.48	   -0.02	   -0.07	   -0.08
      30	 15:39:47	  14.500	   97.14	 1026.38	   21.09	  744.87	   1.215	 -286.92	 -167.23	 -204.97	 -203.14	 -205.33	 -189.09	 -179.22	 -180.18	 -173.97	 -165.70	 -151.77	 -155.26	 -145.77	 -144.52	 -129.66	 -126.35	 -118.03	 -112.69	 -107.42	 -101.73	  -97.25	  -91.10	  -84.13	  -79.22	  -58.46	 -281.66	  125.73	  196.26	  168.15	  130.26	  105.04	   91.43	   79.15	   69.29	   60.00	   52.50	   45.42	   38.52	   32.92	   27.74	   22.44	   17.40	   13.38	    9.63	    6.42	    3.24	    0.17	   -3.45	  -58.46	  200.81	  201.29	  201.58	  200.34	  200.97	  200.89	  201.42	  201.91	  200.59	  199.85	  197.68	  194.50	  190.22	  184.79	  178.60	  171.16	  162.62	  153.40	  146.06	  139.05	  131.26	  125.02	  121.50	  117.77	  115.49	  115.13	  113.46	  115.31	  118.14	  122.36	  123.00	  129.56	  133.19	  134.17	  144.86	  150.77	  157.19	  161.18	  168.88	  178.25	  184.08	  190.35	  193.31	  194.71	  197.27	  200.37	  199.71	  197.02	   -9.86	   11.17	   10.06	    4.82	   -1.36	  -11.59	   -8.68	  -13.27	  -13.97	  -14.11	  -12.17	   11.72	   -0.82	   -0.05	   -0.05	   -0.04
      31	 15:40:08	  14.750	   96.68	 1026.35	   21.09	  744.71	   1.215	 -269.98	 -139.48	 -170.94	 -167.96	 -173.88	 -162.69	 -156.21	 -159.42	 -155.52	 -151.10	 -140.26	 -146.48	 -142.83	 -142.77	 -130.76	 -128.26	 -121.87	 -116.75	 -111.69	 -106.90	 -103.90	  -98.64	  -91.11	  -85.17	  -61.97	 -265.12	  130.28	  193.30	  164.94	  128.38	  103.18	   89.65	   77.49	   67.74	   58.54	   50.99	   43.91	   36.96	   31.33	   26.07	   20.72	   15.56	   11.43	    7.56	    4.15	    0.81	   -2.49	   -6.28	  -61.97	  198.35	  198.75	  198.68	  197.96	  198.47	  198.34	  198.92	  199.17	  197.28	  194.44	  188.01	  182.19	  176.07	  168.47	  160.55	  152.35	  143.60	  135.73	  128.73	  122.61	  116.22	  111.51	  110.09	  108.90	  109.54	  111.50	  112.12	  115.84	  119.23	  123.75	  125.11	  132.39	  137.53	  139.51	  148.95	  154.05	  158.85	  162.15	  169.99	  180.28	  184.89	  190.69	  193.14	  194.04	  196.14	  198.86	  198.37	  192.45	   -8.90	   10.07	    7.56	    0.65	   -6.15	  -14.64	  -12.67	  -15.31	  -14.89	  -14.76	  -11.85	   11.04	   -1.41	   -0.01	   -0.08	   -0.06
      32	 15:40:25	  15.000	   97.75	 1026.37	   21.11	  745.19	   1.215	 -267.77	 -130.52	 -163.83	 -162.09	 -168.79	 -156.58	 -151.68	 -155.37	 -152.28	 -148.79	 -137.90	 -144.43	 -140.33	 -141.46	 -130.43	 -129.91	 -123.86	 -119.95	 -116.08	 -111.18	 -108.19	 -103.80	  -96.94	  -91.20	  -66.90	 -262.65	  137.97	  197.12	  166.43	  128.94	  104.10	   90.12	   77.79	   67.87	   58.52	   50.78	   43.55	   36.41	   30.62	   25.22	   19.65	   14.38	   10.08	    5.99	    2.45	   -1.02	   -4.47	   -8.76	  -66.90	  201.78	  202.31	  202.51	  201.52	  201.85	  201.81	  202.34	  202.77	  200.94	  198.35	  191.92	  186.20	  178.84	  170.21	  161.13	  151.93	  141.97	  132.94	  125.63	  119.94	  113.59	  109.10	  107.84	  107.58	  108.58	  110.26	  111.33	  115.19	  119.55	  125.22	  125.56	  132.28	  140.06	  139.50	  151.58	  158.25	  164.05	  167.83	  175.52	  184.59	  189.71	  195.87	  198.15	  198.72	  200.27	  202.18	  201.04	  195.33	  -11.29	   10.21	    7.99	    1.08	   -5.83	  -13.85	  -12.37	  -14.26	  -14.61	  -15.19	  -14.40	   11.03	   -1.05	   -0.01	   -0.07	   -0.06
      33	 15:40:42	  15.500	   97.63	 1026.46	   21.12	  744.93	   1.215	 -252.41	 -113.08	 -137.94	 -134.05	 -140.83	 -130.67	 -124.41	 -130.98	 -128.65	 -127.57	 -119.64	 -129.20	 -127.01	 -130.02	 -122.34	 -124.29	 -121.09	 -119.09	 -117.44	 -114.61	 -112.95	 -108.54	 -102.16	  -97.00	  -74.24	 -247.74	  144.38	  197.10	  165.23	  127.69	  102.79	   89.10	   76.51	   66.51	   57.03	   49.15	   41.82	   34.45	   28.47	   22.83	   17.04	   11.42	    6.91	    2.50	   -1.32	   -5.17	   -9.09	  -13.92	  -74.24	  202.03	  202.59	  202.79	  201.72	  202.05	  202.14	  202.80	  202.72	  200.09	  196.71	  188.65	  182.15	  175.21	  167.03	  158.55	  150.16	  140.54	  132.15	  124.82	  118.52	  111.73	  106.86	  106.11	  105.12	  105.99	  107.88	  109.29	  113.82	  117.57	  123.73	  126.28	  134.12	  137.43	  143.07	  151.35	  157.77	  164.32	  167.81	  177.40	  188.40	  194.01	  198.56	  199.99	  199.41	  200.95	  202.62	  201.27	  193.95	  -10.87	    9.42	    7.06	    0.50	   -6.95	  -16.33	  -13.59	  -17.13	  -16.73	  -16.52	  -13.88	   10.33	   -1.55	   -0.02	   -0.07	   -0.07
      34	 15:40:53	  16.000	   96.44	 1026.41	   21.13	  745.07	   1.215	 -241.77	 -104.69	 -127.07	 -122.60	 -129.35	 -119.54	 -114.53	 -120.93	 -118.81	 -117.39	 -110.03	 -120.92	 -120.36	 -124.20	 -116.69	 -120.06	 -117.87	 -116.87	 -116.57	 -115.14	 -114.58	 -111.86	 -106.46	 -101.42	  -78.46	 -237.44	  144.34	  195.18	  164.09	  126.94	  102.11	   88.40	   76.13	   66.03	   56.49	   48.50	   41.01	   33.49	   27.36	   21.58	   15.60	    9.78	    5.11	    0.51	   -3.51	   -7.65	  -11.90	  -16.96	  -78.46	  200.52	  200.90	  200.94	  200.21	  200.57	  200.51	  201.10	  201.17	  198.06	  194.10	  184.13	  175.88	  168.15	  158.58	  148.93	  139.73	  130.02	  121.60	  114.63	  109.55	  103.51	   99.31	   98.41	   98.46	  100.33	  103.50	  106.39	  111.67	  115.95	  122.07	  124.72	  132.15	  138.43	  141.02	  150.62	  156.68	  162.86	  166.16	  174.50	  184.63	  189.73	  194.68	  196.83	  197.22	  199.49	  201.44	  200.19	  193.94	  -13.62	    9.58	    6.91	   -0.43	   -9.30	  -18.05	  -16.37	  -19.02	  -19.21	  -18.82	  -17.50	   10.24	   -1.25	   -0.02	   -0.09	   -0.06
      35	 15:41:06	  16.500	   96.69	 1026.42	   21.13	  744.91	   1.215	 -228.83	  -96.06	 -117.34	 -112.43	 -118.78	 -108.19	 -103.86	 -108.98	 -108.40	 -105.61	  -99.26	 -111.61	 -112.58	 -116.74	 -110.69	 -113.96	 -112.83	 -112.82	 -113.26	 -112.96	 -113.26	 -110.97	 -105.68	 -101.62	  -80.21	 -223.80	  145.98	  195.33	  164.60	  127.68	  102.75	   88.79	   76.47	   66.30	   56.61	   48.48	   40.85	   33.18	   26.92	   20.96	   14.81	    8.84	    4.00	   -0.84	   -5.12	   -9.34	  -13.78	  -19.09	  -80.21	  200.55	  200.99	  201.20	  200.40	  200.70	  200.54	  201.05	  201.16	  198.43	  194.61	  186.20	  179.34	  171.52	  161.50	  151.40	  143.17	  132.55	  122.22	  113.68	  108.07	  100.87	   96.52	   95.14	   93.12	   93.44	   95.36	   96.32	  100.73	  105.59	  111.29	  113.25	  121.44	  123.83	  128.26	  137.38	  144.17	  150.41	  154.57	  165.26	  176.80	  183.30	  190.50	  194.15	  195.71	  198.91	  200.89	  199.78	  194.90	  -13.00	    9.15	    6.32	   -1.67	  -11.44	  -19.11	  -18.53	  -17.42	  -17.50	  -17.82	  -16.07	    9.62	   -0.95	   -0.03	   -0.08	   -0.05
      36	 15:41:16	  17.000	   95.86	 1026.42	   21.13	  745.03	   1.215	 -222.33	  -92.60	 -114.19	 -107.36	 -115.04	 -104.72	 -100.45	 -105.27	 -103.64	 -100.78	  -94.52	 -106.71	 -105.95	 -110.94	 -105.35	 -109.59	 -108.64	 -109.56	 -110.37	 -110.86	 -112.10	 -110.57	 -106.21	 -103.35	  -84.37	 -217.99	  143.12	  193.22	  163.82	  127.61	  102.91	   89.48	   76.68	   66.40	   56.65	   48.45	   40.71	   32.97	   26.55	   20.41	   14.15	    8.02	    3.07	   -1.91	   -6.39	  -10.84	  -15.50	  -21.02	  -84.37	  198.45	  198.90	  198.75	  198.00	  198.62	  198.48	  198.85	  198.74	  196.55	  193.79	  186.62	  180.64	  174.35	  167.18	  158.98	  150.35	  139.38	  129.59	  119.83	  111.46	  102.87	   96.31	   91.48	   87.35	   85.66	   84.21	   82.36	   84.54	   87.30	   91.56	   92.38	   99.22	  108.43	  108.17	  122.04	  129.38	  135.88	  140.83	  152.96	  167.86	  177.91	  188.41	  193.37	  194.96	  197.23	  199.29	  198.12	  193.16	  -11.54	    8.14	    4.53	   -3.86	  -13.16	  -19.73	  -20.10	  -18.12	  -17.40	  -17.03	  -15.36	    8.80	   -0.77	   -0.04	   -0.08	   -0.06
      37	 15:41:28	  18.000	   97.08	 1026.46	   21.12	  745.09	   1.215	 -209.01	  -93.02	 -115.53	 -109.94	 -114.95	 -106.24	 -102.23	 -106.73	 -105.31	 -102.50	  -95.71	 -107.56	 -107.34	 -111.05	 -105.87	 -110.52	 -109.53	 -110.64	 -111.83	 -112.67	 -114.79	 -114.27	 -111.01	 -109.19	  -92.81	 -205.31	  141.16	  195.73	  167.90	  131.32	  106.44	   92.72	   79.27	   68.57	   58.41	   49.77	   41.58	   33.43	   26.66	   20.10	   13.34	    6.84	    1.48	   -3.99	   -8.90	  -13.88	  -19.03	  -25.24	  -92.81	  200.36	  200.80	  200.78	  200.00	  200.33	  200.18	  200.60	  200.40	  197.69	  194.47	  188.43	  182.99	  177.46	  170.76	  163.86	  156.32	  147.41	  137.47	  127.03	  115.45	  102.14	   91.13	   82.62	   74.67	   68.09	   61.84	   56.60	   55.78	   56.45	   58.04	   58.05	   64.04	   67.02	   72.58	   80.45	   89.22	   97.81	  104.83	  123.15	  145.07	  159.50	  174.90	  184.71	  191.15	  196.09	  199.34	  199.44	  194.82	   -8.37	    7.08	    1.62	   -9.10	  -20.55	  -23.38	  -26.00	  -19.55	  -17.77	  -17.76	  -14.28	    8.58	   -0.70	   -0.03	   -0.06	   -0.04
      38	 15:41:43	  19.000	   97.11	 1026.43	   21.13	  744.79	   1.215	 -139.00	  -93.58	 -115.50	 -109.88	 -114.53	 -106.20	 -102.33	 -108.35	 -106.59	 -104.06	  -96.88	 -108.58	 -108.71	 -112.68	 -106.68	 -112.02	 -111.01	 -111.83	 -112.97	 -113.97	 -115.91	 -115.02	 -111.72	 -110.17	  -95.78	 -134.53	  137.11	  197.38	  172.33	  136.42	  111.60	   97.06	   83.74	   72.77	   62.22	   53.28	   44.77	   36.31	   29.18	   22.33	   15.19	    8.33	    2.58	   -3.21	   -8.50	  -13.81	  -19.32	  -25.90	  -95.78	  201.63	  202.26	  202.42	  201.44	  201.71	  201.79	  202.19	  201.95	  198.78	  195.01	  186.91	  180.14	  173.57	  166.10	  159.28	  150.47	  139.19	  126.94	  115.30	  103.86	   91.38	   80.08	   69.97	   61.49	   54.94	   49.76	   45.64	   45.20	   46.68	   48.69	   49.16	   54.89	   58.08	   63.11	   73.08	   81.91	   91.60	   99.66	  118.60	  140.95	  158.28	  175.38	  185.97	  192.69	  198.29	  201.65	  201.07	  192.85	  -10.61	    4.95	   -2.32	  -14.83	  -27.30	  -27.05	  -30.49	  -23.05	  -20.65	  -20.52	  -16.83	    7.04	   -0.73	   -0.05	   -0.08	   -0.07
      39	 15:41:54	  20.000	   97.42	 1026.40	   21.13	  744.62	   1.215	 -130.38	  -90.14	 -114.38	 -108.17	 -112.61	 -105.11	 -101.47	 -107.28	 -105.24	 -102.86	  -95.43	 -107.03	 -107.21	 -110.99	 -104.77	 -110.28	 -109.03	 -109.82	 -110.37	 -111.32	 -113.14	 -112.49	 -109.61	 -108.66	  -97.48	 -126.41	  130.66	  196.18	  175.74	  140.49	  115.41	  101.30	   87.90	   76.70	   65.97	   56.82	   48.11	   39.41	   32.03	   24.94	   17.57	   10.45	    4.39	   -1.68	   -7.19	  -12.86	  -18.71	  -25.46	  -97.48	  200.30	  200.77	  200.79	  200.08	  200.23	  200.09	  200.10	  199.11	  194.77	  188.29	  178.50	  172.03	  164.57	  154.34	  145.57	  135.87	  125.05	  114.59	  102.72	   90.79	   76.52	   65.90	   55.51	   46.55	   39.18	   34.62	   30.28	   29.89	   31.26	   32.18	   33.18	   39.51	   43.72	   48.03	   60.68	   69.57	   79.12	   86.34	  107.73	  131.25	  151.58	  171.14	  183.44	  190.22	  196.70	  200.46	  200.30	  194.88	  -10.69	    0.50	   -9.04	  -23.18	  -35.77	  -34.70	  -39.28	  -28.47	  -24.86	  -22.25	  -16.72	    4.22	   -0.73	   -0.05	   -0.07	   -0.07
      40	 15:42:15	  19.000	   97.13	 1026.46	   21.12	  744.73	   1.215	 -138.85	  -93.32	 -116.21	 -110.25	 -114.89	 -107.29	 -103.30	 -108.92	 -107.44	 -104.23	  -97.50	 -108.74	 -108.37	 -113.42	 -107.66	 -111.94	 -111.38	 -112.15	 -112.59	 -114.53	 -116.56	 -116.18	 -112.73	 -111.39	  -96.42	 -135.17	  136.15	  196.79	  172.53	  136.47	  111.54	   97.07	   83.81	   72.77	   62.21	   53.27	   44.69	   36.24	   29.07	   22.18	   15.03	    8.19	    2.41	   -3.42	   -8.76	  -14.15	  -19.70	  -26.36	  -96.42	  201.27	  201.69	  201.85	  200.91	  201.42	  201.05	  201.63	  201.34	  198.52	  194.17	  185.86	  179.34	  172.55	  164.45	  156.39	  147.53	  136.83	  125.62	  113.83	  102.38	   88.63	   78.82	   69.93	   62.01	   55.48	   50.76	   46.70	   46.62	   47.73	   48.79	   48.36	   53.72	   54.83	   60.50	   70.79	   78.91	   87.45	   94.95	  113.58	  135.89	  155.57	  173.44	  183.67	  190.99	  196.33	  200.24	  200.92	  196.17	   -8.45	    3.93	   -3.84	  -15.56	  -26.26	  -27.49	  -31.03	  -24.58	  -21.81	  -20.64	  -14.98	    6.58	   -1.15	   -0.05	   -0.09	   -0.10
      41	 15:42:28	  18.000	   98.10	 1026.41	   21.13	  744.84	   1.215	 -213.87	  -92.36	 -116.25	 -110.90	 -115.99	 -106.90	 -102.73	 -108.17	 -106.47	 -104.05	  -96.69	 -108.68	 -107.72	 -112.39	 -106.55	 -111.85	 -110.49	 -112.06	 -112.04	 -114.25	 -116.81	 -115.85	 -112.08	 -110.31	  -93.60	 -209.44	  143.17	  197.98	  169.77	  132.66	  108.20	   93.16	   80.08	   69.27	   58.93	   50.23	   41.89	   33.82	   26.73	   20.10	   13.26	    6.72	    1.27	   -4.30	   -9.32	  -14.33	  -19.53	  -25.71	  -93.60	  202.72	  203.26	  203.53	  202.50	  202.88	  202.79	  203.34	  202.97	  200.70	  197.56	  190.53	  185.32	  180.37	  174.05	  165.64	  157.60	  147.84	  138.08	  127.18	  116.34	  102.86	   91.46	   83.07	   74.20	   67.92	   62.22	   57.61	   56.92	   57.26	   57.96	   57.83	   63.11	   67.99	   68.54	   81.05	   89.22	   98.60	  105.42	  121.93	  143.03	  157.62	  173.92	  184.90	  191.87	  198.17	  201.99	  201.60	  192.87	   -7.89	    6.94	    1.18	   -9.13	  -20.72	  -24.00	  -27.36	  -21.09	  -19.50	  -19.39	  -13.79	    8.14	   -1.79	   -0.03	   -0.07	   -0.08
      42	 15:42:38	  17.000	   97.77	 1026.43	   21.13	  744.99	   1.215	 -229.48	  -95.93	 -118.30	 -113.73	 -119.92	 -110.22	 -105.63	 -111.47	 -109.89	 -108.21	 -101.15	 -113.88	 -114.08	 -119.15	 -113.46	 -117.25	 -116.30	 -116.80	 -116.25	 -117.41	 -118.51	 -116.20	 -111.24	 -107.98	  -87.09	 -224.82	  146.15	  196.89	  166.35	  129.10	  104.36	   89.85	   77.15	   66.67	   56.70	   48.36	   40.42	   32.72	   26.03	   19.78	   13.32	    7.13	    2.15	   -2.96	   -7.50	  -12.05	  -16.78	  -22.45	  -87.09	  202.19	  202.72	  202.94	  201.89	  202.37	  202.25	  202.74	  202.51	  200.17	  197.90	  191.97	  187.13	  181.24	  174.22	  167.08	  158.80	  148.51	  138.07	  127.65	  117.88	  106.78	   97.97	   91.47	   85.93	   82.45	   80.60	   77.34	   77.37	   79.35	   82.92	   83.00	   88.27	   92.64	   96.31	  107.10	  114.73	  122.68	  128.91	  143.87	  161.15	  173.88	  186.54	  193.15	  196.01	  199.35	  201.64	  200.76	  196.01	  -13.39	    7.52	    3.84	   -4.83	  -14.72	  -19.80	  -21.47	  -17.81	  -17.47	  -18.44	  -17.22	    8.13	   -1.52	   -0.03	   -0.07	   -0.09
      43	 15:42:46	  16.000	   97.23	 1026.40	   21.14	  744.36	   1.215	 -236.47	  -99.62	 -124.43	 -121.31	 -126.56	 -115.71	 -111.27	 -116.55	 -114.39	 -112.19	 -104.70	 -116.12	 -115.33	 -119.84	 -113.00	 -115.92	 -114.04	 -113.68	 -112.09	 -112.43	 -112.37	 -109.39	 -103.55	  -99.15	  -77.48	 -232.40	  144.60	  195.12	  164.13	  127.05	  102.53	   88.72	   76.28	   66.18	   56.65	   48.72	   41.19	   33.90	   27.62	   21.81	   15.81	   10.12	    5.42	    0.79	   -3.19	   -7.32	  -11.48	  -16.50	  -77.48	  200.55	  201.09	  201.29	  200.08	  200.60	  200.52	  201.03	  201.11	  198.18	  193.97	  185.25	  178.19	  170.35	  161.93	  152.26	  143.91	  134.07	  125.21	  116.43	  111.37	  104.03	   99.52	   99.35	   98.65	   98.72	  101.28	  102.08	  106.94	  111.77	  118.13	  120.33	  128.10	  137.34	  135.46	  151.13	  157.65	  163.99	  168.55	  178.62	  189.96	  193.79	  197.81	  199.39	  198.89	  200.85	  202.28	  201.09	  193.87	  -13.52	    9.55	    6.95	   -0.05	   -8.19	  -18.01	  -15.68	  -17.93	  -17.43	  -17.53	  -17.27	   10.36	   -1.01	   -0.02	   -0.06	   -0.07
      44	 15:42:54	  15.000	   98.25	 1026.42	   21.15	  745.02	   1.215	 -269.01	 -132.52	 -165.56	 -162.71	 -169.32	 -157.81	 -151.34	 -155.32	 -150.82	 -148.52	 -137.19	 -144.66	 -140.39	 -141.70	 -130.82	 -129.87	 -124.78	 -119.81	 -114.68	 -111.63	 -108.36	 -103.85	  -96.61	  -90.19	  -66.01	 -263.71	  134.37	  196.10	  166.40	  128.72	  104.03	   89.99	   77.61	   67.67	   58.31	   50.60	   43.34	   36.43	   30.46	   25.09	   19.45	   14.21	    9.91	    5.85	    2.36	   -1.15	   -4.59	   -8.99	  -66.01	  200.98	  201.45	  201.56	  200.84	  200.99	  201.10	  201.55	  201.62	  199.25	  196.13	  189.21	  182.89	  175.92	  168.07	  160.01	  152.50	  143.23	  134.29	  127.22	  121.02	  114.67	  110.82	  109.61	  109.31	  109.41	  110.91	  111.56	  115.72	  119.90	  125.35	  126.97	  132.87	  136.47	  139.00	  148.38	  154.71	  160.63	  164.02	  172.60	  181.28	  186.78	  192.35	  195.18	  196.10	  198.83	  201.05	  200.08	  194.51	   -9.51	    9.58	    6.91	    0.00	   -6.98	  -14.87	  -13.34	  -14.91	  -15.06	  -15.07	  -12.20	   10.64	   -1.69	   -0.04	   -0.07	   -0.08
      45	 15:43:04	  14.000	   96.50	 1026.39	   21.15	  745.16	   1.215	 -324.61	 -204.45	 -277.01	 -274.91	 -265.04	 -239.74	 -222.23	 -213.39	 -198.90	 -183.25	 -162.42	 -160.35	 -146.74	 -140.53	 -123.11	 -117.67	 -107.61	  -98.76	  -90.45	  -85.20	  -79.69	  -74.01	  -65.68	  -60.67	  -42.90	 -320.56	  108.83	  196.18	  172.66	  134.82	  109.87	   95.69	   83.16	   73.28	   64.09	   56.60	   49.75	   43.12	   37.66	   32.67	   27.65	   23.00	   19.29	   15.97	   13.12	   10.41	    7.94	    4.75	  -42.90	  200.86	  201.34	  201.47	  200.64	  200.99	  200.87	  201.43	  201.87	  200.43	  199.52	  195.87	  191.18	  185.91	  178.93	  171.50	  164.02	  154.97	  146.41	  138.54	  132.83	  126.54	  122.13	  121.13	  120.96	  121.18	  123.94	  125.00	  127.91	  130.48	  135.17	  136.34	  142.55	  147.74	  147.89	  158.51	  163.23	  166.80	  169.41	  175.96	  184.60	  188.34	  193.65	  195.97	  195.92	  198.07	  199.97	  199.39	  192.62	   -6.18	   10.72	    8.73	    2.60	   -3.29	   -9.95	   -8.55	  -11.21	  -11.24	  -11.23	   -7.94	   11.51	   -1.56	   -0.04	   -0.07	   -0.07
      46	 15:43:15	  13.126	   98.00	 1026.42	   21.16	  744.82	   1.215	 -667.73	 -433.47	 -655.21	 -410.19	 -316.53	 -266.68	 -227.00	 -203.95	 -178.56	 -154.06	 -124.62	 -117.24	  -99.65	  -89.13	  -71.17	  -67.64	  -61.84	  -57.69	  -55.36	  -53.84	  -52.54	  -51.03	  -47.00	  -45.46	  -34.60	 -664.07	   18.51	  190.65	  182.61	  143.40	  117.45	  101.36	   88.21	   77.73	   68.16	   60.31	   53.19	   46.30	   40.79	   35.76	   30.67	   26.01	   22.36	   18.97	   16.12	   13.38	   10.89	    8.12	  -34.60	  200.74	  201.38	  201.34	  200.44	  200.88	  200.81	  201.32	  201.84	  200.36	  200.30	  199.60	  197.68	  195.60	  191.83	  185.81	  176.98	  163.67	  149.34	  137.96	  132.64	  133.62	  139.52	  150.78	  161.43	  169.40	  176.46	  178.45	  180.97	  182.31	  183.97	  182.58	  186.86	  196.37	  182.18	  197.31	  198.47	  198.69	  198.22	  199.36	  201.10	  199.67	  200.33	  200.34	  198.51	  199.87	  201.27	  200.00	  192.42	    5.24	   12.57	   12.75	    9.71	    4.86	    6.58	    5.22	    7.80	    7.07	    5.83	    5.99	   13.03	   -1.21	   -0.03	   -0.07	   -0.08
      47	 15:43:34	  12.500	   97.96	 1026.39	   21.17	  744.81	   1.215	 -822.31	 -641.09	 -807.92	 -417.91	 -343.23	 -285.29	 -240.74	 -213.54	 -184.25	 -157.64	 -125.94	 -116.49	  -95.78	  -82.12	  -59.05	  -51.98	  -44.30	  -38.14	  -36.47	  -35.57	  -36.98	  -36.22	  -31.72	  -32.62	  -24.63	 -818.48	  -21.41	  189.86	  185.83	  145.97	  119.46	  102.76	   89.62	   79.12	   69.58	   61.81	   54.88	   48.00	   42.85	   38.02	   33.12	   28.82	   25.47	   22.43	   19.97	   17.51	   15.44	   12.91	  -24.63	  201.53	  202.16	  202.43	  201.29	  201.77	  201.76	  202.24	  202.75	  201.54	  201.78	  202.28	  201.63	  201.26	  199.96	  196.16	  188.79	  175.09	  158.44	  143.61	  135.35	  135.83	  145.13	  161.00	  177.30	  189.33	  197.97	  199.58	  201.08	  201.89	  202.34	  199.03	  202.56	  201.14	  197.07	  201.26	  201.97	  201.96	  201.09	  201.27	  202.50	  200.76	  201.29	  201.06	  199.20	  200.32	  201.79	  200.49	  188.60	    6.79	   12.71	   13.19	   11.23	    7.04	    9.70	    7.87	   10.37	    9.50	    8.18	    7.97	   13.17	   -1.14	   -0.01	   -0.08	   -0.09
      48	 15:43:44	  12.000	   96.94	 1026.43	   21.18	  744.71	   1.215	 -851.08	 -635.72	 -798.07	 -400.62	 -344.84	 -288.07	 -245.52	 -219.42	 -191.43	 -166.32	 -138.34	 -130.04	 -111.02	  -96.81	  -72.52	  -60.85	  -48.56	  -38.15	  -32.70	  -29.69	  -31.30	  -29.90	  -24.65	  -23.91	  -16.31	 -846.58	  -19.82	  187.88	  182.40	  142.25	  116.39	   99.90	   87.09	   76.96	   67.72	   60.32	   53.69	   47.35	   42.35	   37.87	   33.32	   29.43	   26.44	   23.83	   21.74	   19.81	   18.24	   16.51	  -16.31	  199.11	  199.38	  199.44	  198.81	  199.01	  199.01	  199.58	  200.04	  198.70	  199.39	  199.63	  198.97	  198.92	  198.60	  198.42	  197.76	  192.90	  183.56	  169.94	  153.91	  139.09	  132.78	  138.62	  151.87	  166.97	  185.22	  192.72	  197.30	  199.19	  199.63	  196.61	  199.97	  199.51	  195.37	  199.70	  200.33	  200.29	  199.42	  199.66	  200.91	  199.21	  199.56	  199.57	  197.70	  198.81	  200.30	  198.74	  189.32	    7.17	   12.90	   13.35	   12.19	    9.32	    9.56	    8.81	   10.83	    9.85	    8.55	    8.35	   13.38	   -1.25	   -0.04	   -0.10	   -0.11
      49	 15:44:02	  12.000	   96.74	 1026.47	   21.18	  745.11	   1.215	 -864.65	 -649.95	 -812.63	 -403.81	 -349.90	 -292.39	 -249.79	 -223.07	 -195.48	 -170.03	 -141.28	 -132.68	 -113.11	  -98.72	  -74.25	  -62.94	  -50.19	  -39.58	  -34.23	  -30.78	  -31.90	  -30.54	  -25.16	  -24.49	  -17.90	 -861.36	  -21.00	  189.40	  183.24	  142.84	  116.61	  100.09	   87.11	   76.82	   67.52	   60.05	   53.36	   46.99	   41.91	   37.41	   32.84	   28.87	   25.90	   23.23	   21.15	   19.19	   17.61	   15.85	  -17.90	  200.27	  200.83	  201.16	  200.06	  200.45	  200.44	  200.94	  201.44	  200.04	  200.63	  201.00	  200.37	  200.21	  199.97	  199.89	  199.28	  194.56	  185.22	  171.08	  155.24	  139.68	  133.33	  138.96	  152.61	  168.12	  186.12	  193.64	  198.58	  200.39	  201.11	  197.93	  201.44	  200.89	  196.06	  200.94	  201.59	  201.70	  200.86	  201.00	  202.13	  200.34	  200.80	  200.72	  199.01	  200.23	  201.46	  200.25	  194.60	    6.99	   12.75	   13.21	   12.06	    9.12	    9.28	    8.45	   10.60	    9.68	    8.37	    8.17	   13.22	   -1.11	   -0.02	   -0.07	   -0.05
      50	 15:44:15	  11.750	  100.01	 1026.44	   21.19	  744.92	   1.215	 -917.30	 -664.72	 -829.39	 -413.95	 -360.77	 -300.82	 -258.43	 -232.01	 -203.72	 -178.71	 -152.46	 -142.22	 -123.68	 -109.06	  -84.88	  -74.26	  -58.23	  -45.55	  -37.19	  -30.22	  -28.74	  -24.98	  -20.13	  -19.01	  -12.61	 -912.67	  -19.39	  194.55	  186.71	  145.21	  118.24	  101.10	   88.31	   77.94	   68.56	   61.03	   54.35	   47.96	   42.93	   38.51	   33.99	   30.09	   27.27	   24.79	   22.95	   21.21	   19.91	   18.40	  -12.61	  204.53	  205.38	  205.41	  204.15	  204.81	  204.76	  205.65	  205.81	  204.77	  204.70	  205.35	  204.79	  204.62	  204.15	  204.41	  204.10	  201.12	  192.50	  178.99	  161.68	  145.27	  137.52	  142.84	  156.76	  172.72	  191.18	  199.18	  203.45	  204.99	  205.35	  202.18	  205.46	  204.70	  201.67	  204.45	  205.39	  205.52	  204.64	  204.58	  206.07	  203.93	  204.81	  204.47	  202.78	  203.77	  205.38	  204.01	  196.18	    6.55	   12.47	   12.91	   11.77	    9.20	    9.04	    8.38	   10.31	    9.28	    7.94	    7.74	   12.96	   -1.69	   -0.03	   -0.08	   -0.10
      51	 15:44:23	  11.500	   97.10	 1026.42	   21.20	  744.66	   1.215	 -876.47	 -632.95	 -771.67	 -393.41	 -346.07	 -290.84	 -251.08	 -225.79	 -199.31	 -175.13	 -149.61	 -141.62	 -123.46	 -110.76	  -87.21	  -76.62	  -60.57	  -46.92	  -37.38	  -28.72	  -25.14	  -19.44	  -14.31	  -12.26	   -6.98	 -873.64	  -12.32	  191.39	  182.07	  141.11	  115.17	   99.11	   86.17	   76.18	   67.13	   59.96	   53.52	   47.44	   42.66	   38.46	   34.16	   30.53	   27.97	   25.72	   24.13	   22.67	   21.60	   20.36	   -6.98	  200.53	  200.95	  201.11	  200.10	  200.50	  200.52	  201.13	  201.55	  200.18	  200.65	  201.10	  200.45	  200.31	  200.18	  200.22	  200.30	  197.98	  191.07	  179.80	  163.70	  146.36	  137.31	  140.47	  152.81	  167.51	  185.98	  193.89	  198.78	  200.42	  201.07	  197.88	  201.23	  200.17	  196.05	  200.32	  200.98	  200.99	  200.22	  200.34	  201.65	  199.87	  200.30	  200.00	  198.40	  199.50	  200.91	  199.54	  186.95	    7.08	   12.76	   13.18	   12.10	   10.07	    9.44	    9.09	   10.54	    9.71	    8.39	    8.21	   13.22	   -1.25	   -0.06	   -0.08	   -0.10
      52	 15:44:31	  11.250	   97.14	 1026.46	   21.20	  745.19	   1.215	 -838.93	 -597.19	 -720.32	 -409.30	 -339.86	 -289.29	 -250.50	 -226.75	 -200.53	 -177.83	 -153.38	 -145.54	 -128.22	 -115.28	  -92.59	  -81.72	  -65.45	  -51.54	  -40.84	  -30.53	  -25.48	  -18.49	  -11.99	   -8.82	   -3.83	 -835.40	   -2.02	  191.62	  180.04	  138.91	  112.64	   96.70	   83.93	   74.15	   65.25	   58.24	   51.96	   45.96	   41.39	   37.36	   33.18	   29.81	   27.36	   25.30	   23.90	   22.72	   21.97	   21.05	   -3.83	  200.24	  200.69	  200.76	  199.70	  200.14	  200.07	  200.66	  201.13	  199.91	  200.38	  200.76	  200.17	  199.98	  199.78	  199.93	  200.49	  200.17	  197.16	  193.94	  183.66	  166.44	  148.77	  139.23	  140.44	  150.86	  171.02	  184.48	  194.65	  199.04	  200.64	  197.66	  200.95	  200.69	  194.88	  200.84	  201.53	  201.68	  200.84	  200.91	  202.19	  200.32	  200.82	  200.57	  198.81	  199.91	  201.48	  200.16	  188.30	    6.86	   12.60	   13.02	   11.99	   10.74	    9.26	    9.43	   10.67	    9.50	    8.20	    8.06	   13.12	   -1.63	   -0.04	   -0.09	   -0.17
      53	 15:44:40	  11.000	   98.26	 1026.48	   21.20	  745.76	   1.215	 -823.03	 -577.72	 -686.78	 -469.69	 -336.65	 -289.55	 -252.72	 -229.08	 -202.81	 -180.17	 -155.65	 -147.96	 -130.95	 -119.16	  -95.88	  -84.88	  -67.76	  -54.53	  -42.54	  -31.16	  -25.06	  -17.23	  -10.34	   -6.08	   -0.93	 -818.26	    8.03	  195.36	  181.18	  138.80	  112.89	   96.72	   83.88	   74.06	   65.19	   58.24	   52.00	   46.06	   41.53	   37.51	   33.48	   30.13	   27.80	   25.90	   24.64	   23.60	   22.96	   22.31	   -0.93	  202.56	  203.12	  203.25	  202.15	  202.61	  202.57	  203.18	  203.60	  202.39	  202.66	  203.10	  202.49	  202.34	  202.09	  202.37	  202.78	  202.50	  200.09	  198.16	  189.45	  171.69	  153.09	  142.40	  142.43	  151.82	  173.19	  187.96	  197.94	  201.89	  203.22	  199.94	  203.39	  202.26	  198.38	  202.30	  203.03	  203.27	  202.31	  202.37	  203.72	  201.75	  202.27	  202.13	  200.47	  201.45	  203.03	  201.69	  193.16	    6.71	   12.35	   12.76	   11.71	   10.53	    8.92	    9.00	   10.07	    9.30	    7.97	    7.81	   12.83	   -1.73	   -0.05	   -0.07	   -0.08
      54	 15:44:50	  10.750	   97.43	 1026.46	   21.20	  745.01	   1.215	 -793.08	 -526.99	 -629.25	 -566.52	 -320.13	 -281.64	 -246.06	 -223.66	 -199.14	 -177.21	 -154.10	 -146.43	 -130.58	 -119.23	  -95.88	  -84.95	  -69.03	  -55.56	  -43.01	  -31.62	  -24.80	  -16.03	   -8.48	   -3.77	    2.10	 -788.87	   19.15	  193.12	  176.92	  135.25	  109.48	   94.03	   81.31	   71.81	   63.18	   56.44	   50.44	   44.74	   40.35	   36.51	   32.70	   29.51	   27.36	   25.62	   24.51	   23.70	   23.27	   22.82	    2.10	  199.89	  200.23	  200.42	  199.65	  199.72	  199.75	  200.30	  200.79	  199.42	  199.95	  200.40	  199.76	  199.55	  199.46	  199.61	  200.25	  200.10	  197.66	  196.58	  189.54	  173.53	  155.03	  143.15	  141.56	  150.28	  170.40	  184.58	  194.84	  199.14	  200.50	  197.31	  200.54	  199.67	  195.71	  199.91	  200.64	  200.73	  199.82	  199.95	  201.27	  199.39	  199.94	  199.57	  197.90	  199.15	  200.51	  199.17	  189.48	    6.83	   12.40	   12.80	   11.77	   10.72	    9.22	    9.35	   10.21	    9.37	    8.11	    7.96	   12.88	   -1.54	   -0.04	   -0.08	   -0.09
      55	 15:45:00	  10.500	   98.46	 1026.46	   21.21	  745.17	   1.215	 -911.44	 -501.45	 -598.83	 -577.22	 -311.03	 -277.70	 -243.33	 -222.43	 -199.01	 -176.87	 -153.32	 -146.62	 -130.79	 -119.73	  -97.21	  -85.95	  -69.79	  -56.12	  -43.68	  -31.70	  -24.08	  -14.76	   -6.48	   -1.62	    5.10	 -906.79	   33.82	  195.19	  176.16	  134.44	  108.84	   92.82	   80.65	   71.32	   62.73	   56.14	   50.20	   44.53	   40.29	   36.58	   32.87	   29.80	   27.76	   26.15	   25.13	   24.47	   24.21	   23.96	    5.10	  200.80	  201.20	  201.56	  200.55	  200.80	  200.74	  201.33	  201.76	  200.43	  200.87	  201.27	  200.73	  200.56	  200.37	  200.36	  201.15	  200.92	  198.80	  198.59	  193.16	  177.36	  158.77	  146.17	  143.37	  150.80	  170.55	  185.34	  195.78	  199.96	  201.28	  198.16	  201.52	  200.68	  196.23	  200.85	  201.61	  201.71	  200.80	  200.89	  202.10	  200.30	  201.05	  200.55	  198.83	  199.94	  201.35	  200.09	  189.15	    7.28	   12.77	   13.14	   12.09	   11.12	    9.66	    9.84	   10.56	    9.73	    8.50	    8.37	   13.24	   -1.31	   -0.02	   -0.08	   -0.08
      56	 15:45:09	  10.250	   97.07	 1026.47	   21.20	  744.81	   1.215	 -885.27	 -488.09	 -570.59	 -552.17	 -301.08	 -274.97	 -241.33	 -221.31	 -198.15	 -177.07	 -153.66	 -147.27	 -131.60	 -122.37	  -98.82	  -88.01	  -71.64	  -58.29	  -45.32	  -33.00	  -25.24	  -14.92	   -6.10	   -0.52	    7.03	 -882.77	   43.09	  195.25	  173.14	  131.67	  106.22	   90.43	   78.54	   69.35	   60.93	   54.48	   48.65	   43.17	   39.04	   35.44	   31.86	   28.95	   27.02	   25.54	   24.72	   24.19	   24.15	   24.09	    7.03	  200.31	  200.73	  201.05	  200.01	  200.25	  200.20	  200.79	  201.31	  200.05	  200.38	  200.69	  200.34	  200.15	  200.00	  199.93	  200.65	  200.51	  198.68	  199.05	  195.04	  181.11	  162.40	  149.36	  144.64	  150.93	  170.54	  185.20	  195.83	  199.87	  201.00	  197.81	  201.10	  200.18	  196.16	  200.28	  201.02	  200.95	  200.18	  200.34	  201.61	  199.77	  200.37	  200.00	  198.18	  199.45	  200.85	  199.34	  191.11	    6.94	   12.39	   12.74	   11.74	   10.86	    9.43	    9.74	   10.28	    9.36	    8.15	    8.03	   12.86	   -1.24	   -0.04	   -0.08	   -0.07
      57	 15:45:18	  10.000	   96.35	 1026.46	   21.21	  744.64	   1.215	 -853.65	 -472.42	 -543.02	 -519.15	 -288.35	 -269.44	 -237.09	 -218.76	 -195.67	 -175.58	 -153.22	 -146.97	 -131.96	 -122.13	  -99.55	  -89.06	  -73.29	  -59.64	  -46.39	  -33.98	  -25.69	  -14.72	   -5.25	    0.79	    9.42	 -849.54	   52.31	  193.73	  169.77	  129.14	  103.26	   87.89	   76.25	   67.27	   59.06	   52.78	   47.11	   41.69	   37.82	   34.37	   30.96	   28.14	   26.41	   25.10	   24.42	   24.07	   24.18	   24.34	    9.42	  198.99	  199.20	  199.25	  198.65	  198.90	  198.68	  199.30	  199.88	  198.50	  198.98	  199.31	  198.68	  198.73	  198.51	  198.43	  199.26	  199.11	  197.23	  198.22	  195.26	  181.84	  162.43	  149.84	  146.76	  154.84	  174.76	  187.97	  196.30	  198.98	  199.43	  196.49	  199.80	  198.59	  194.83	  198.96	  199.71	  199.49	  198.70	  198.94	  200.19	  198.49	  199.00	  198.59	  196.99	  198.00	  199.42	  198.17	  189.99	    6.73	   12.16	   12.55	   11.51	   10.68	    9.44	    9.85	   10.14	    9.12	    7.92	    7.81	   12.66	   -1.81	   -0.04	   -0.07	   -0.08
      58	 15:45:29	   9.500	   99.21	 1026.47	   21.22	  744.91	   1.215	 -844.54	 -482.91	 -522.98	 -461.67	 -309.54	 -272.94	 -238.87	 -219.58	 -197.59	 -177.73	 -155.57	 -150.69	 -135.54	 -127.32	 -104.41	  -93.85	  -77.88	  -63.49	  -49.94	  -37.31	  -27.70	  -15.02	   -3.53	    4.73	   15.60	 -840.16	   66.44	  198.49	  169.63	  127.38	  102.01	   86.44	   74.95	   66.07	   58.09	   51.97	   46.46	   41.16	   37.60	   34.38	   31.19	   28.62	   27.15	   26.12	   25.82	   25.86	   26.37	   26.94	   15.60	  202.71	  203.27	  203.47	  202.26	  202.82	  202.77	  203.38	  203.82	  202.67	  202.75	  203.20	  202.78	  202.59	  202.30	  202.46	  202.97	  202.78	  201.24	  202.67	  202.45	  192.93	  174.36	  158.25	  150.14	  156.35	  178.32	  192.88	  200.66	  202.86	  203.38	  200.26	  203.41	  202.91	  199.30	  202.95	  203.78	  203.86	  202.97	  203.09	  204.34	  202.39	  203.13	  202.73	  201.02	  202.11	  203.70	  202.26	  191.45	    6.81	   12.30	   12.65	   11.60	   10.80	    9.93	   10.42	   10.12	    9.15	    7.94	    7.87	   12.78	   -1.64	   -0.03	   -0.08	   -0.07
      59	 15:45:40	   9.000	   96.23	 1026.49	   21.23	  745.27	   1.215	 -751.40	 -475.93	 -474.70	 -379.10	 -324.76	 -278.49	 -225.34	 -207.20	 -186.63	 -170.07	 -149.44	 -146.58	 -132.41	 -124.88	 -103.47	  -92.97	  -77.63	  -63.56	  -50.34	  -37.99	  -28.11	  -14.08	   -1.97	    7.43	   19.48	 -747.48	   82.42	  194.19	  162.10	  120.18	   95.86	   80.60	   69.97	   61.60	   54.17	   48.46	   43.33	   38.58	   35.22	   32.33	   29.41	   27.23	   26.03	   25.33	   25.32	   25.68	   26.52	   27.54	   19.48	  199.01	  199.23	  199.33	  198.42	  198.90	  198.75	  199.17	  199.84	  198.50	  198.99	  199.28	  198.84	  198.69	  198.40	  198.45	  199.29	  199.02	  197.43	  198.88	  199.96	  195.04	  180.86	  163.15	  149.58	  151.53	  171.73	  187.80	  196.62	  199.04	  199.49	  196.33	  199.52	  198.72	  195.99	  199.03	  199.72	  199.71	  198.94	  199.04	  200.35	  198.57	  198.96	  198.74	  196.99	  198.18	  199.61	  198.31	  187.37	    7.44	   12.73	   13.10	   12.08	   11.36	   10.75	   11.37	   10.84	    9.71	    8.59	    8.55	   13.22	   -1.10	   -0.05	   -0.10	   -0.13
      60	 15:45:51	   8.000	   97.80	 1026.47	   21.23	  744.93	   1.215	 -563.45	 -417.36	 -408.78	 -338.57	 -292.01	 -251.81	 -223.65	 -211.34	 -191.38	 -169.28	 -141.27	 -138.39	 -127.29	 -121.23	 -101.09	  -92.46	  -77.57	  -64.03	  -51.01	  -38.83	  -28.77	  -14.53	   -1.47	    9.38	   22.60	 -559.98	  125.11	  194.49	  151.82	  109.24	   85.98	   71.26	   61.66	   54.00	   47.24	   42.06	   37.57	   33.17	   30.34	   27.97	   25.47	   23.65	   23.00	   22.76	   23.22	   24.15	   25.54	   27.13	   22.60	  200.83	  201.31	  201.49	  200.35	  200.91	  200.78	  201.38	  201.89	  200.39	  200.93	  201.39	  200.86	  200.64	  200.41	  200.52	  201.17	  201.02	  199.43	  201.00	  202.27	  201.28	  197.01	  186.44	  165.06	  153.30	  163.88	  181.40	  196.40	  200.77	  201.54	  198.30	  201.73	  201.27	  196.73	  201.36	  202.04	  202.09	  201.39	  201.40	  202.76	  200.88	  201.41	  201.15	  199.29	  200.53	  201.94	  200.76	  191.70	    7.14	   12.09	   12.47	   11.52	   10.90	   10.55	   11.48	   10.50	    9.34	    8.25	    8.22	   12.56	   -1.72	   -0.02	   -0.09	   -0.16
      61	 15:46:04	   7.000	   97.77	 1026.43	   21.23	  744.87	   1.215	 -384.38	 -340.87	 -340.90	 -295.57	 -261.38	 -226.99	 -202.55	 -191.38	 -177.41	 -162.94	 -146.12	 -146.16	 -133.34	 -117.21	  -93.65	  -85.76	  -72.98	  -61.12	  -48.94	  -37.69	  -28.19	  -13.85	   -0.73	   10.32	   25.02	 -378.58	  157.06	  187.50	  138.51	   96.61	   75.51	   60.86	   52.65	   45.78	   39.68	   35.15	   31.26	   27.49	   25.11	   23.24	   21.21	   19.87	   19.65	   19.95	   20.91	   22.24	   24.13	   26.17	   25.02	  200.51	  200.93	  201.15	  200.17	  200.47	  200.51	  201.02	  201.57	  200.19	  200.55	  201.10	  200.53	  200.29	  200.14	  200.27	  200.87	  200.63	  198.91	  200.44	  201.67	  200.86	  199.75	  198.98	  186.85	  168.19	  158.50	  167.58	  185.52	  197.95	  201.14	  197.82	  201.34	  200.67	  195.63	  200.64	  201.52	  201.49	  200.70	  200.83	  202.12	  200.31	  200.86	  200.54	  198.76	  199.93	  201.32	  200.06	  191.69	    6.58	   11.02	   11.42	   10.51	    9.88	    9.74	   10.73	    9.41	    8.66	    7.62	    7.56	   11.36	   -2.71	   -0.02	   -0.06	   -0.10
      62	 15:46:14	   6.000	   97.43	 1026.45	   21.24	  744.64	   1.215	 -212.60	 -258.98	 -269.68	 -249.11	 -229.46	 -202.58	 -182.62	 -173.27	 -158.42	 -146.91	 -127.92	 -131.39	 -124.09	 -121.69	 -110.13	 -101.73	  -66.09	  -50.80	  -42.30	  -32.09	  -23.93	  -11.19	    1.42	   12.36	   27.49	 -208.41	  182.79	  175.22	  123.27	   82.72	   64.56	   51.10	   43.35	   37.44	   32.18	   28.50	   25.22	   22.07	   20.30	   18.89	   17.48	   16.64	   16.83	   17.64	   19.09	   20.83	   23.21	   25.71	   27.49	  200.60	  200.98	  201.27	  200.40	  200.62	  200.55	  201.08	  201.56	  200.34	  200.79	  201.18	  200.57	  200.39	  200.21	  200.32	  200.90	  200.75	  198.83	  200.52	  201.90	  201.02	  199.83	  201.02	  199.22	  189.63	  171.14	  162.19	  170.56	  185.95	  197.08	  197.57	  201.43	  200.24	  196.59	  200.34	  201.18	  201.12	  200.37	  200.51	  201.72	  200.06	  200.34	  200.18	  198.36	  199.53	  200.94	  199.65	  190.63	    8.10	   11.93	   12.36	   11.51	   10.95	   10.81	   11.76	   10.44	   10.01	    9.09	    9.01	   12.15	   -1.30	   -0.01	   -0.06	   -0.07
      63	 15:46:27	   5.000	   99.38	 1026.42	   21.24	  744.84	   1.215	  -60.37	 -169.57	 -207.37	 -207.21	 -201.55	 -181.67	 -167.17	 -160.54	 -147.50	 -137.36	 -119.66	 -122.75	 -113.73	 -109.84	  -98.68	  -99.32	  -95.75	  -70.79	  -35.50	  -26.18	  -20.23	   -9.18	    2.58	   13.53	   27.38	  -54.77	  197.18	  159.89	  104.03	   67.68	   50.73	   38.62	   32.07	   27.19	   22.85	   19.82	   17.29	   14.72	   13.56	   12.76	   11.79	   11.51	   12.25	   13.53	   15.47	   17.73	   20.63	   23.36	   27.38	  203.97	  204.64	  204.73	  203.61	  204.15	  204.09	  204.92	  205.15	  204.09	  204.20	  204.78	  204.07	  203.92	  203.61	  203.85	  204.23	  204.05	  202.59	  204.13	  205.56	  204.61	  203.67	  204.59	  204.22	  203.11	  193.18	  174.64	  168.13	  175.81	  189.52	  196.21	  203.75	  203.22	  200.18	  203.15	  204.18	  204.31	  203.28	  203.45	  204.81	  202.79	  203.56	  203.20	  201.49	  202.43	  204.05	  202.56	  192.30	    7.87	   11.18	   11.64	   10.85	   10.40	   10.38	   11.25	    9.73	    9.66	    8.80	    8.71	   11.32	   -2.12	   -0.03	   -0.06	   -0.08
      64	 15:46:39	   4.000	   98.73	 1026.46	   21.23	  744.83	   1.215	   46.03	 -115.93	 -145.23	 -165.92	 -171.65	 -159.28	 -147.99	 -144.05	 -133.97	 -125.04	 -108.69	 -111.43	 -104.01	 -100.35	  -86.47	  -88.16	  -84.08	  -82.73	  -64.05	  -20.93	  -13.65	   -5.48	    4.80	   14.31	   27.04	   55.56	  196.07	  137.13	   83.05	   50.94	   35.79	   26.36	   21.13	   17.46	   14.08	   11.92	   10.12	    8.12	    7.59	    7.38	    6.92	    7.15	    8.42	   10.11	   12.50	   15.19	   18.39	   21.31	   27.04	  202.74	  203.48	  203.65	  202.40	  203.00	  202.83	  203.64	  203.98	  202.90	  202.88	  203.67	  202.98	  202.77	  202.49	  202.79	  203.18	  202.93	  201.40	  202.94	  204.35	  203.29	  202.51	  203.50	  203.09	  203.09	  202.26	  192.07	  175.87	  169.04	  175.69	  184.23	  197.08	  201.36	  196.88	  202.29	  203.20	  203.37	  202.31	  202.52	  203.88	  201.91	  202.54	  202.25	  200.47	  201.60	  203.18	  201.70	  195.91	    8.22	   10.92	   11.40	   10.73	   10.39	   10.72	   11.22	    9.78	    9.85	    9.10	    9.01	   10.98	   -1.82	   -0.03	   -0.05	   -0.09
      65	 15:46:48	   3.000	   97.44	 1026.46	   21.24	  744.80	   1.215	  125.55	  -46.44	  -88.62	 -122.60	 -137.14	 -130.75	 -124.02	 -125.25	 -116.66	 -108.24	  -95.74	 -100.11	  -92.80	  -88.57	  -75.65	  -75.61	  -70.95	  -69.32	  -68.03	  -54.17	   -9.33	    0.42	    8.15	   16.37	   26.51	  134.07	  182.84	  106.75	   57.65	   32.61	   21.47	   13.91	   10.15	    7.71	    5.48	    4.31	    3.33	    1.93	    2.07	    2.45	    2.62	    3.42	    5.15	    7.25	   10.07	   13.10	   16.53	   19.60	   26.51	  198.36	  198.85	  198.63	  198.12	  198.41	  198.30	  198.85	  199.35	  198.11	  198.56	  198.98	  198.40	  198.23	  197.94	  198.23	  198.70	  198.51	  196.71	  198.30	  199.43	  198.69	  197.70	  198.77	  198.65	  198.47	  198.97	  196.34	  188.27	  174.13	  166.72	  168.99	  181.25	  191.94	  193.47	  198.69	  199.55	  199.60	  198.60	  198.87	  200.18	  198.51	  198.90	  198.60	  196.91	  197.98	  199.56	  198.15	  191.11	    8.80	   10.90	   11.40	   10.82	   10.55	   11.12	   11.38	   10.13	   10.16	    9.60	    9.52	   10.86	   -0.91	   -0.03	   -0.06	   -0.08
      66	 15:46:57	   2.000	   96.57	 1026.50	   21.24	  745.03	   1.215	  171.38	   11.24	  -38.26	  -84.23	 -109.14	 -108.76	 -106.56	 -109.34	 -104.06	  -96.45	  -85.03	  -91.66	  -84.42	  -81.61	  -67.06	  -66.04	  -61.63	  -59.59	  -57.49	  -58.12	  -36.61	    2.90	   12.20	   18.08	   24.76	  178.84	  156.26	   74.20	   34.36	   14.51	    7.29	    2.37	   -0.15	   -1.28	   -2.27	   -2.56	   -2.79	   -3.34	   -2.75	   -1.90	   -1.02	    0.37	    2.66	    5.16	    8.48	   11.79	   15.33	   17.98	   24.76	  197.20	  197.53	  197.25	  196.98	  197.21	  197.07	  197.57	  198.14	  196.88	  197.27	  197.81	  197.00	  197.04	  196.77	  196.97	  197.71	  197.37	  195.59	  197.20	  198.22	  197.65	  196.61	  197.55	  197.41	  197.29	  197.83	  196.39	  195.39	  188.18	  173.35	  164.25	  169.76	  180.54	  186.87	  195.53	  197.85	  197.82	  196.95	  197.18	  198.43	  196.97	  197.30	  197.02	  195.35	  196.46	  197.91	  196.45	  192.00	    9.72	   11.25	   11.76	   11.25	   11.08	   11.75	   11.90	   10.78	   10.74	   10.43	   10.37	   11.11	   -0.24	   -0.05	   -0.06	   -0.08
      67	 15:47:04	   1.000	   98.01	 1026.49	   21.24	  744.93	   1.215	  188.56	   44.38	    1.25	  -52.48	  -85.75	  -90.61	  -91.08	  -96.19	  -93.93	  -87.85	  -77.81	  -85.03	  -78.65	  -78.05	  -62.24	  -59.61	  -55.28	  -51.39	  -50.26	  -50.05	  -51.74	  -14.81	   13.95	   19.60	   21.17	  196.96	  122.09	   40.14	    8.05	   -4.39	   -8.09	  -10.71	  -11.14	  -11.07	  -10.89	  -10.21	   -9.63	   -9.40	   -8.04	   -6.50	   -4.93	   -2.84	    0.16	    3.27	    7.05	   10.49	   13.68	   15.83	   21.17	  199.40	  199.92	  200.06	  199.25	  199.53	  199.44	  199.96	  200.45	  199.24	  199.57	  200.09	  199.40	  199.29	  199.05	  199.14	  199.84	  199.70	  197.82	  199.56	  200.70	  199.88	  198.90	  199.91	  199.75	  199.68	  199.98	  198.68	  199.01	  197.45	  187.48	  172.44	  168.55	  173.75	  180.92	  192.91	  198.97	  200.53	  199.62	  199.92	  201.25	  199.51	  199.86	  199.64	  197.81	  199.13	  200.39	  198.97	  191.04	    9.49	   10.55	   11.11	   10.62	   10.56	   11.31	   11.39	   10.44	   10.18	   10.17	   10.10	   10.35	   -0.81	   -0.04	   -0.06	   -0.08
      68	 15:47:14	   0.000	   98.67	 1026.49	   21.23	  745.20	   1.215	  188.41	   88.92	   41.71	  -20.53	  -61.20	  -70.57	  -74.36	  -81.95	  -81.09	  -78.02	  -69.30	  -77.14	  -71.15	  -70.97	  -57.49	  -54.19	  -49.19	  -43.46	  -42.40	  -41.57	  -42.25	  -40.36	    4.75	   21.31	   17.92	  197.24	   63.85	   -3.40	  -22.44	  -25.28	  -24.99	  -24.21	  -22.82	  -21.15	  -19.81	  -18.10	  -16.67	  -15.71	  -13.55	  -11.29	   -9.04	   -6.28	   -2.77	    0.66	    4.34	    7.25	    9.69	   11.06	   17.92	  199.87	  200.42	  200.48	  199.66	  199.98	  199.92	  200.35	  200.80	  199.63	  200.06	  200.57	  199.84	  199.75	  199.57	  199.64	  200.29	  200.20	  198.41	  200.03	  201.46	  200.48	  199.51	  200.49	  200.31	  200.15	  200.52	  199.17	  199.67	  199.00	  194.48	  182.64	  174.67	  170.55	  173.99	  184.77	  193.90	  198.53	  199.33	  200.13	  201.38	  199.58	  199.98	  199.78	  197.98	  199.14	  200.48	  199.08	  194.23	   10.23	   10.72	   11.28	   10.94	   10.96	   11.80	   11.87	   11.05	   10.49	   10.77	   10.80	   10.48	    0.11	   -0.03	   -0.05	   -0.10
      69	 15:47:24	  -1.000	   99.26	 1026.49	   21.23	  745.03	   1.215	  171.63	  119.95	   84.24	   17.67	  -29.44	  -46.46	  -54.80	  -65.06	  -66.63	  -63.54	  -57.23	  -65.32	  -60.84	  -62.93	  -49.21	  -45.32	  -40.79	  -34.09	  -31.57	  -29.72	  -31.94	  -32.18	   -1.14	   26.73	   24.24	  179.33	  -23.34	  -63.61	  -60.52	  -54.35	  -47.74	  -43.54	  -38.78	  -35.53	  -32.70	  -30.03	  -27.77	  -26.14	  -23.14	  -20.45	  -17.72	  -14.62	  -10.93	   -7.40	   -3.75	   -0.89	    1.53	    3.01	   24.24	  200.96	  201.47	  201.74	  200.75	  201.06	  200.98	  201.53	  202.00	  200.73	  201.17	  201.60	  200.94	  200.79	  200.57	  200.68	  201.32	  201.23	  199.40	  201.05	  202.42	  201.59	  200.48	  201.55	  201.32	  201.15	  201.59	  200.29	  200.71	  200.92	  200.02	  193.97	  190.08	  180.22	  172.49	  177.74	  183.70	  190.41	  195.22	  200.63	  202.33	  200.46	  200.95	  200.73	  198.84	  200.13	  201.42	  200.15	  195.97	   10.13	    9.70	   10.31	   10.07	   10.22	   11.15	   11.09	   10.23	   10.24	   10.34	   10.63	    9.32	   -0.38	   -0.03	   -0.06	   -0.10
      70	 15:47:42	  -2.000	   99.39	 1026.49	   21.24	  745.23	   1.215	  133.51	  140.69	  112.39	   39.66	   -8.55	  -28.10	  -39.26	  -52.25	  -53.99	  -54.28	  -48.13	  -56.78	  -53.95	  -56.33	  -44.96	  -41.69	  -35.80	  -28.64	  -24.47	  -23.39	  -24.47	  -23.60	  -17.08	   13.32	   21.16	  142.14	 -113.76	 -115.95	  -91.98	  -76.04	  -64.29	  -57.21	  -50.09	  -45.24	  -41.32	  -37.52	  -34.32	  -31.89	  -28.47	  -25.31	  -22.22	  -18.99	  -15.34	  -12.07	   -8.84	   -6.22	   -3.56	    1.79	   21.16	  201.34	  201.84	  202.16	  200.89	  201.37	  201.38	  201.99	  202.37	  201.16	  201.50	  201.89	  201.37	  201.33	  201.00	  201.01	  201.39	  201.49	  199.79	  201.36	  202.94	  201.94	  200.94	  201.95	  201.60	  201.63	  201.98	  200.62	  201.06	  201.63	  201.67	  197.66	  198.59	  190.71	  178.69	  176.37	  178.88	  185.91	  191.92	  200.33	  202.65	  200.81	  201.38	  201.07	  199.21	  200.48	  202.00	  200.58	  195.27	   10.25	    9.45	   10.07	    9.87	   10.08	   11.11	   11.02	   10.71	    9.57	   10.10	   10.70	    8.99	    0.06	   -0.04	   -0.06	   -0.09
